,GENDER,AGE,SLEEP DURATION,QUALITY OF SLEEP,PHYSICAL ACTIVITY LEVEL,STRESS LEVEL,HEART RATE,DAILY STEPS,SLEEP DISORDER,SYSTOLIC,DIASTOLIC,SLEEP QUALITY SCORE,ACTIVITY SCORE,OCCUPATION_Accountant,OCCUPATION_Doctor,OCCUPATION_Engineer,OCCUPATION_Lawyer,OCCUPATION_Manager,OCCUPATION_Nurse,OCCUPATION_Sales Representative,OCCUPATION_Salesperson,OCCUPATION_Scientist,OCCUPATION_Software Engineer,OCCUPATION_Teacher,BMI CATEGORY_Normal,BMI CATEGORY_Normal Weight,BMI CATEGORY_Obese,BMI CATEGORY_Overweight,BLOOD PRESSURE CATEGORY_Elevated,BLOOD PRESSURE CATEGORY_High Blood Pressure ,BLOOD PRESSURE CATEGORY_Normal,NEW_AGE_CAT_middleage,NEW_AGE_CAT_old,NEW_AGE_CAT_young
342,0,1.595042337144499,1.3439778229759238,1.4114353336402654,1.4819483407084455,-1.34583606381518,-1.250749811994354,1.9700774454247496,0,-1.3638942799646405,-1.5682032752238573,1.495328900959694,2.0341039601999897,0.0,1.0,0.0,0.0,0.0,0.0,0.0,0.0,0.0,0.0,0.0,0.0,1.0,0.0,0.0,0.0,0.0,1.0,0.0,1.0,0.0
332,0,1.364136266274732,1.5956792279799288,1.4114353336402654,-1.4022598783286333,-1.34583606381518,-1.250749811994354,-1.1244583151332361,0,-0.4592387884654193,-0.7556402038277333,1.6246991030012907,-1.207209621323638,0.0,0.0,1.0,0.0,0.0,0.0,0.0,0.0,0.0,0.0,0.0,1.0,0.0,0.0,0.0,0.0,1.0,0.0,1.0,0.0,0.0
168,1,-0.13675319437875263,-0.04037990454609589,-0.26170829482711705,-0.20050645372985043,0.3470205097281296,0.4441068173023413,-0.5055511630216389,0,-0.4592387884654193,-0.4306149752692838,-0.23679435970833954,-0.42929436175796737,0.0,0.0,0.0,1.0,0.0,0.0,0.0,0.0,0.0,0.0,0.0,0.0,0.0,0.0,1.0,0.0,1.0,0.0,1.0,0.0,0.0
86,1,-0.8294714069880533,0.08547079795590662,0.5748635194065742,0.03984423118990614,-0.7815505393007436,-1.250749811994354,-1.1244583151332361,0,-0.4592387884654193,-0.7556402038277333,0.3309970825853316,-0.5589469050189125,0.0,0.0,1.0,0.0,0.0,0.0,0.0,0.0,0.0,0.0,0.0,1.0,0.0,0.0,0.0,0.0,1.0,0.0,1.0,0.0,0.0
34,1,-1.291283548727587,0.7147243104659158,-0.26170829482711705,0.7608962859491759,0.3470205097281296,-0.04013793392528595,0.7322631412015553,0,-1.1054212823934344,-0.7556402038277333,0.06506944505538434,0.7375785275905388,0.0,1.0,0.0,0.0,0.0,0.0,0.0,0.0,0.0,0.0,0.0,1.0,0.0,0.0,0.0,0.0,1.0,0.0,0.0,0.0,1.0
111,1,-0.5985653361182864,0.3371722029599105,0.5748635194065742,0.03984423118990614,-0.217265014786307,-0.5243826851529132,0.7322631412015553,0,0.18694370546259584,0.05692286756839061,0.4459928177334169,0.21896835454675825,0.0,0.0,0.0,1.0,0.0,0.0,0.0,0.0,0.0,0.0,0.0,1.0,0.0,0.0,0.0,0.0,1.0,0.0,1.0,0.0,0.0
41,1,-1.291283548727587,0.7147243104659158,-0.26170829482711705,0.7608962859491759,0.3470205097281296,-0.04013793392528595,0.7322631412015553,0,-1.1054212823934344,-0.7556402038277333,0.06506944505538434,0.7375785275905388,0.0,1.0,0.0,0.0,0.0,0.0,0.0,0.0,0.0,0.0,0.0,1.0,0.0,0.0,0.0,0.0,1.0,0.0,0.0,0.0,1.0
312,0,1.1332301954049653,1.5956792279799288,1.4114353336402654,-1.4022598783286333,-1.34583606381518,-1.250749811994354,-1.1244583151332361,0,-0.4592387884654193,-0.7556402038277333,1.6246991030012907,-1.207209621323638,0.0,0.0,1.0,0.0,0.0,0.0,0.0,0.0,0.0,0.0,0.0,1.0,0.0,0.0,0.0,0.0,1.0,0.0,1.0,0.0,0.0
326,0,1.2486832308398488,1.4698285254779275,1.4114353336402654,-1.4022598783286333,-1.34583606381518,-1.250749811994354,-1.1244583151332361,0,-0.4592387884654193,-0.7556402038277333,1.5600140019804924,-1.207209621323638,0.0,0.0,1.0,0.0,0.0,0.0,0.0,0.0,0.0,0.0,0.0,1.0,0.0,0.0,0.0,0.0,1.0,0.0,1.0,0.0,0.0
302,0,1.0177771599700818,-0.04037990454609589,-0.26170829482711705,-0.20050645372985043,0.3470205097281296,0.4441068173023413,-0.5055511630216389,0,-0.4592387884654193,-0.4306149752692838,-0.23679435970833954,-0.42929436175796737,0.0,0.0,0.0,0.0,0.0,1.0,0.0,0.0,0.0,0.0,0.0,0.0,1.0,0.0,0.0,0.0,1.0,0.0,1.0,0.0,0.0
180,1,-0.021300158943869187,0.8405750129679171,0.5748635194065742,1.4819483407084455,-0.217265014786307,-0.04013793392528595,0.7322631412015553,0,0.18694370546259584,0.05692286756839061,0.675984288029587,1.2561887006343193,0.0,0.0,0.0,1.0,0.0,0.0,0.0,0.0,0.0,0.0,0.0,1.0,0.0,0.0,0.0,0.0,1.0,0.0,1.0,0.0,0.0
179,1,-0.021300158943869187,0.8405750129679171,0.5748635194065742,1.4819483407084455,-0.217265014786307,-0.04013793392528595,0.7322631412015553,0,0.18694370546259584,0.05692286756839061,0.675984288029587,1.2561887006343193,0.0,0.0,0.0,1.0,0.0,0.0,0.0,0.0,0.0,0.0,0.0,1.0,0.0,0.0,0.0,0.0,1.0,0.0,1.0,0.0,0.0
56,1,-1.1758305132927036,0.7147243104659158,-0.26170829482711705,0.7608962859491759,0.3470205097281296,-0.04013793392528595,0.7322631412015553,0,-1.1054212823934344,-0.7556402038277333,0.06506944505538434,0.7375785275905388,0.0,1.0,0.0,0.0,0.0,0.0,0.0,0.0,0.0,0.0,0.0,1.0,0.0,0.0,0.0,0.0,1.0,0.0,0.0,0.0,1.0
82,1,-0.8294714069880533,-0.5437827145541025,-0.26170829482711705,-0.9215585084891201,-0.217265014786307,-0.04013793392528595,-0.7531140238662778,0,-0.07152929210861023,-0.10558974671083418,-0.4380368962174884,-0.8874000146133068,0.0,0.0,0.0,0.0,0.0,0.0,0.0,0.0,0.0,0.0,1.0,0.0,0.0,0.0,1.0,0.0,1.0,0.0,1.0,0.0,0.0
119,0,-0.5985653361182864,0.08547079795590662,0.5748635194065742,0.03984423118990614,-0.7815505393007436,-0.5243826851529132,0.11335598908995821,0,-1.7516037763214496,-1.5682032752238573,0.3309970825853316,-0.040336731975132,1.0,0.0,0.0,0.0,0.0,0.0,0.0,0.0,0.0,0.0,0.0,1.0,0.0,0.0,0.0,0.0,0.0,1.0,1.0,0.0,0.0
132,1,-0.48311230068340294,0.211321500457908,0.5748635194065742,0.03984423118990614,-0.217265014786307,-0.5243826851529132,0.7322631412015553,0,0.18694370546259584,0.05692286756839061,0.388494950159374,0.21896835454675825,0.0,0.0,0.0,1.0,0.0,0.0,0.0,0.0,0.0,0.0,0.0,1.0,0.0,0.0,0.0,0.0,1.0,0.0,1.0,0.0,0.0
23,1,-1.4067365841624706,0.7147243104659158,-0.26170829482711705,0.7608962859491759,0.3470205097281296,-0.04013793392528595,0.7322631412015553,0,-1.1054212823934344,-0.7556402038277333,0.06506944505538434,0.7375785275905388,0.0,1.0,0.0,0.0,0.0,0.0,0.0,0.0,0.0,0.0,0.0,1.0,0.0,0.0,0.0,0.0,1.0,0.0,0.0,0.0,1.0
300,0,1.0177771599700818,1.7215299304819303,1.4114353336402654,-1.4022598783286333,-1.34583606381518,-1.250749811994354,-1.1244583151332361,0,-0.4592387884654193,-0.7556402038277333,1.689384204022088,-1.207209621323638,0.0,0.0,1.0,0.0,0.0,0.0,0.0,0.0,0.0,0.0,0.0,1.0,0.0,0.0,0.0,0.0,1.0,0.0,1.0,0.0,0.0
158,1,-0.3676592652485195,0.08547079795590662,0.5748635194065742,0.03984423118990614,-0.217265014786307,-0.5243826851529132,0.7322631412015553,0,0.18694370546259584,0.05692286756839061,0.3309970825853316,0.21896835454675825,0.0,0.0,0.0,1.0,0.0,0.0,0.0,0.0,0.0,0.0,0.0,1.0,0.0,0.0,0.0,0.0,1.0,0.0,1.0,0.0,0.0
78,1,-1.06037747785782,-1.4247376320681155,-1.0982801090608083,-1.4022598783286333,1.4755915587570028,0.4441068173023413,-1.1244583151332361,0,-0.4592387884654193,-0.7556402038277333,-1.221445341913819,-1.207209621323638,0.0,1.0,0.0,0.0,0.0,0.0,0.0,0.0,0.0,0.0,0.0,1.0,0.0,0.0,0.0,0.0,1.0,0.0,0.0,0.0,1.0
330,0,1.2486832308398488,1.7215299304819303,1.4114353336402654,-1.4022598783286333,-1.34583606381518,-1.250749811994354,-1.1244583151332361,0,-0.4592387884654193,-0.7556402038277333,1.689384204022088,-1.207209621323638,0.0,0.0,1.0,0.0,0.0,0.0,0.0,0.0,0.0,0.0,0.0,1.0,0.0,0.0,0.0,0.0,1.0,0.0,1.0,0.0,0.0
37,1,-1.291283548727587,0.5888736079639133,-0.26170829482711705,0.7608962859491759,0.3470205097281296,-0.04013793392528595,0.7322631412015553,0,-1.1054212823934344,-0.7556402038277333,0.014758810928096862,0.7375785275905388,0.0,1.0,0.0,0.0,0.0,0.0,0.0,0.0,0.0,0.0,0.0,1.0,0.0,0.0,0.0,0.0,1.0,0.0,0.0,0.0,1.0
319,0,1.2486832308398488,1.5956792279799288,1.4114353336402654,-1.4022598783286333,-1.34583606381518,-1.250749811994354,-1.1244583151332361,0,-0.4592387884654193,-0.7556402038277333,1.6246991030012907,-1.207209621323638,0.0,0.0,1.0,0.0,0.0,0.0,0.0,0.0,0.0,0.0,0.0,1.0,0.0,0.0,0.0,0.0,1.0,0.0,1.0,0.0,0.0
217,1,0.09415287649101425,0.8405750129679171,0.5748635194065742,1.4819483407084455,-0.217265014786307,-0.04013793392528595,0.7322631412015553,0,0.18694370546259584,0.05692286756839061,0.675984288029587,1.2561887006343193,0.0,0.0,1.0,0.0,0.0,0.0,0.0,0.0,0.0,0.0,0.0,1.0,0.0,0.0,0.0,0.0,1.0,0.0,1.0,0.0,0.0
313,0,1.1332301954049653,1.5956792279799288,1.4114353336402654,-1.4022598783286333,-1.34583606381518,-1.250749811994354,-1.1244583151332361,0,-0.4592387884654193,-0.7556402038277333,1.6246991030012907,-1.207209621323638,0.0,0.0,1.0,0.0,0.0,0.0,0.0,0.0,0.0,0.0,0.0,1.0,0.0,0.0,0.0,0.0,1.0,0.0,1.0,0.0,0.0
136,0,-0.48311230068340294,-0.04037990454609589,0.5748635194065742,0.03984423118990614,-0.7815505393007436,-0.5243826851529132,0.11335598908995821,0,-1.7516037763214496,-1.5682032752238573,0.2734992150112887,-0.040336731975132,1.0,0.0,0.0,0.0,0.0,0.0,0.0,0.0,0.0,0.0,0.0,1.0,0.0,0.0,0.0,0.0,0.0,1.0,1.0,0.0,0.0
211,1,0.09415287649101425,0.8405750129679171,0.5748635194065742,1.4819483407084455,-0.217265014786307,-0.04013793392528595,0.7322631412015553,0,0.18694370546259584,0.05692286756839061,0.675984288029587,1.2561887006343193,0.0,0.0,1.0,0.0,0.0,0.0,0.0,0.0,0.0,0.0,0.0,1.0,0.0,0.0,0.0,0.0,1.0,0.0,1.0,0.0,0.0
95,0,-0.7140183715531698,-0.04037990454609589,0.5748635194065742,0.03984423118990614,-0.7815505393007436,-0.5243826851529132,0.11335598908995821,0,-1.7516037763214496,-1.5682032752238573,0.2734992150112887,-0.040336731975132,1.0,0.0,0.0,0.0,0.0,0.0,0.0,0.0,0.0,0.0,0.0,1.0,0.0,0.0,0.0,0.0,0.0,1.0,1.0,0.0,0.0
337,0,1.364136266274732,1.5956792279799288,1.4114353336402654,-1.4022598783286333,-1.34583606381518,-1.250749811994354,-1.1244583151332361,0,-0.4592387884654193,-0.7556402038277333,1.6246991030012907,-1.207209621323638,0.0,0.0,1.0,0.0,0.0,0.0,0.0,0.0,0.0,0.0,0.0,1.0,0.0,0.0,0.0,0.0,1.0,0.0,1.0,0.0,0.0
84,1,-0.8294714069880533,0.4630229054619119,0.5748635194065742,0.03984423118990614,-0.217265014786307,-0.04013793392528595,0.7322631412015553,0,-1.1054212823934344,-0.7556402038277333,0.5034906853074593,0.21896835454675825,0.0,0.0,0.0,0.0,0.0,0.0,0.0,0.0,0.0,1.0,0.0,0.0,1.0,0.0,0.0,0.0,1.0,0.0,1.0,0.0,0.0
173,1,-0.13675319437875263,0.7147243104659158,0.5748635194065742,1.4819483407084455,-0.217265014786307,-0.04013793392528595,0.7322631412015553,0,0.18694370546259584,0.05692286756839061,0.6184864204555446,1.2561887006343193,0.0,0.0,0.0,1.0,0.0,0.0,0.0,0.0,0.0,0.0,0.0,1.0,0.0,0.0,0.0,0.0,1.0,0.0,1.0,0.0,0.0
92,1,-0.8294714069880533,0.4630229054619119,0.5748635194065742,0.03984423118990614,-0.217265014786307,-0.04013793392528595,0.7322631412015553,0,-1.1054212823934344,-0.7556402038277333,0.5034906853074593,0.21896835454675825,0.0,0.0,0.0,0.0,0.0,0.0,0.0,0.0,0.0,1.0,0.0,0.0,1.0,0.0,0.0,0.0,1.0,0.0,1.0,0.0,0.0
214,1,0.09415287649101425,0.8405750129679171,0.5748635194065742,1.4819483407084455,-0.217265014786307,-0.04013793392528595,0.7322631412015553,0,0.18694370546259584,0.05692286756839061,0.675984288029587,1.2561887006343193,0.0,0.0,1.0,0.0,0.0,0.0,0.0,0.0,0.0,0.0,0.0,1.0,0.0,0.0,0.0,0.0,1.0,0.0,1.0,0.0,0.0
8,1,-1.5221896195973539,0.8405750129679171,-0.26170829482711705,0.7608962859491759,0.3470205097281296,-0.04013793392528595,0.7322631412015553,0,-1.1054212823934344,-0.7556402038277333,0.11538007918267183,0.7375785275905388,0.0,1.0,0.0,0.0,0.0,0.0,0.0,0.0,0.0,0.0,0.0,1.0,0.0,0.0,0.0,0.0,1.0,0.0,0.0,0.0,1.0
131,1,-0.48311230068340294,0.211321500457908,0.5748635194065742,0.03984423118990614,-0.217265014786307,-0.5243826851529132,0.7322631412015553,0,0.18694370546259584,0.05692286756839061,0.388494950159374,0.21896835454675825,0.0,0.0,0.0,1.0,0.0,0.0,0.0,0.0,0.0,0.0,0.0,1.0,0.0,0.0,0.0,0.0,1.0,0.0,1.0,0.0,0.0
11,1,-1.5221896195973539,0.8405750129679171,-0.26170829482711705,0.7608962859491759,0.3470205097281296,-0.04013793392528595,0.7322631412015553,0,-1.1054212823934344,-0.7556402038277333,0.11538007918267183,0.7375785275905388,0.0,1.0,0.0,0.0,0.0,0.0,0.0,0.0,0.0,0.0,0.0,1.0,0.0,0.0,0.0,0.0,1.0,0.0,0.0,0.0,1.0
112,0,-0.5985653361182864,0.08547079795590662,0.5748635194065742,0.03984423118990614,-0.7815505393007436,-0.5243826851529132,0.11335598908995821,0,-1.7516037763214496,-1.5682032752238573,0.3309970825853316,-0.040336731975132,1.0,0.0,0.0,0.0,0.0,0.0,0.0,0.0,0.0,0.0,0.0,1.0,0.0,0.0,0.0,0.0,0.0,1.0,1.0,0.0,0.0
69,0,-1.06037747785782,-1.1730362270641117,-1.0982801090608083,-0.440857138649607,0.3470205097281296,1.4125963197575957,-0.8150047390774375,0,-0.07152929210861023,0.05692286756839061,-1.1351985405527547,-0.6669906910697001,0.0,0.0,0.0,0.0,0.0,0.0,0.0,0.0,1.0,0.0,0.0,0.0,0.0,0.0,1.0,0.0,1.0,0.0,0.0,0.0,1.0
174,1,-0.13675319437875263,0.5888736079639133,0.5748635194065742,1.4819483407084455,-0.217265014786307,-0.04013793392528595,0.7322631412015553,0,0.18694370546259584,0.05692286756839061,0.5609885528815017,1.2561887006343193,0.0,0.0,0.0,1.0,0.0,0.0,0.0,0.0,0.0,0.0,0.0,1.0,0.0,0.0,0.0,0.0,1.0,0.0,1.0,0.0,0.0
117,0,-0.5985653361182864,0.08547079795590662,0.5748635194065742,0.03984423118990614,-0.7815505393007436,-0.5243826851529132,0.11335598908995821,0,-1.7516037763214496,-1.5682032752238573,0.3309970825853316,-0.040336731975132,1.0,0.0,0.0,0.0,0.0,0.0,0.0,0.0,0.0,0.0,0.0,1.0,0.0,0.0,0.0,0.0,0.0,1.0,1.0,0.0,0.0
169,1,-0.13675319437875263,0.7147243104659158,0.5748635194065742,1.4819483407084455,-0.217265014786307,-0.04013793392528595,0.7322631412015553,0,0.18694370546259584,0.05692286756839061,0.6184864204555446,1.2561887006343193,0.0,0.0,0.0,1.0,0.0,0.0,0.0,0.0,0.0,0.0,0.0,1.0,0.0,0.0,0.0,0.0,1.0,0.0,1.0,0.0,0.0
343,0,1.7104953725793826,1.2181271204739224,1.4114353336402654,0.7608962859491759,-1.34583606381518,-0.5243826851529132,0.11335598908995821,0,1.4793086933186261,1.6820490103606385,1.4306437999388957,0.41344716943817594,0.0,0.0,0.0,0.0,0.0,1.0,0.0,0.0,0.0,0.0,0.0,0.0,0.0,0.0,1.0,0.0,1.0,0.0,0.0,1.0,0.0
359,0,1.9414014434491493,1.2181271204739224,1.4114353336402654,0.7608962859491759,-1.34583606381518,-0.5243826851529132,0.11335598908995821,0,1.4793086933186261,1.6820490103606385,1.4306437999388957,0.41344716943817594,0.0,0.0,0.0,0.0,0.0,1.0,0.0,0.0,0.0,0.0,0.0,0.0,0.0,0.0,1.0,0.0,1.0,0.0,0.0,1.0,0.0
175,1,-0.13675319437875263,0.5888736079639133,0.5748635194065742,1.4819483407084455,-0.217265014786307,-0.04013793392528595,0.7322631412015553,0,0.18694370546259584,0.05692286756839061,0.5609885528815017,1.2561887006343193,0.0,0.0,0.0,1.0,0.0,0.0,0.0,0.0,0.0,0.0,0.0,1.0,0.0,0.0,0.0,0.0,1.0,0.0,1.0,0.0,0.0
138,0,-0.48311230068340294,-0.04037990454609589,0.5748635194065742,0.03984423118990614,-0.7815505393007436,-0.5243826851529132,0.11335598908995821,0,-1.7516037763214496,-1.5682032752238573,0.2734992150112887,-0.040336731975132,1.0,0.0,0.0,0.0,0.0,0.0,0.0,0.0,0.0,0.0,0.0,1.0,0.0,0.0,0.0,0.0,0.0,1.0,1.0,0.0,0.0
159,1,-0.3676592652485195,0.08547079795590662,0.5748635194065742,0.03984423118990614,-0.217265014786307,-0.5243826851529132,0.7322631412015553,0,0.18694370546259584,0.05692286756839061,0.3309970825853316,0.21896835454675825,0.0,0.0,0.0,1.0,0.0,0.0,0.0,0.0,0.0,0.0,0.0,1.0,0.0,0.0,0.0,0.0,1.0,0.0,1.0,0.0,0.0
35,1,-1.291283548727587,-1.2988869295661143,-1.0982801090608083,-1.4022598783286333,1.4755915587570028,0.4441068173023413,-1.1244583151332361,0,-0.4592387884654193,-0.7556402038277333,-1.1783219412332873,-1.207209621323638,0.0,1.0,0.0,0.0,0.0,0.0,0.0,0.0,0.0,0.0,0.0,1.0,0.0,0.0,0.0,0.0,1.0,0.0,0.0,0.0,1.0
63,1,-1.1758305132927036,-1.1730362270641117,-1.0982801090608083,-1.4022598783286333,1.4755915587570028,0.4441068173023413,-1.1244583151332361,0,-0.4592387884654193,-0.7556402038277333,-1.1351985405527547,-1.207209621323638,0.0,1.0,0.0,0.0,0.0,0.0,0.0,0.0,0.0,0.0,0.0,1.0,0.0,0.0,0.0,0.0,1.0,0.0,0.0,0.0,1.0
97,0,-0.7140183715531698,-0.04037990454609589,0.5748635194065742,0.03984423118990614,-0.7815505393007436,-0.5243826851529132,0.11335598908995821,0,-1.7516037763214496,-1.5682032752238573,0.2734992150112887,-0.040336731975132,1.0,0.0,0.0,0.0,0.0,0.0,0.0,0.0,0.0,0.0,0.0,1.0,0.0,0.0,0.0,0.0,0.0,1.0,1.0,0.0,0.0
33,1,-1.291283548727587,-1.2988869295661143,-1.0982801090608083,-1.4022598783286333,1.4755915587570028,0.4441068173023413,-1.1244583151332361,0,-0.4592387884654193,-0.7556402038277333,-1.1783219412332873,-1.207209621323638,0.0,1.0,0.0,0.0,0.0,0.0,0.0,0.0,0.0,0.0,0.0,1.0,0.0,0.0,0.0,0.0,1.0,0.0,0.0,0.0,1.0
135,1,-0.48311230068340294,0.211321500457908,0.5748635194065742,0.03984423118990614,-0.217265014786307,-0.5243826851529132,0.7322631412015553,0,0.18694370546259584,0.05692286756839061,0.388494950159374,0.21896835454675825,0.0,0.0,0.0,1.0,0.0,0.0,0.0,0.0,0.0,0.0,0.0,1.0,0.0,0.0,0.0,0.0,1.0,0.0,1.0,0.0,0.0
57,1,-1.1758305132927036,-1.4247376320681155,-1.0982801090608083,-1.4022598783286333,1.4755915587570028,0.4441068173023413,-1.1244583151332361,0,-0.4592387884654193,-0.7556402038277333,-1.221445341913819,-1.207209621323638,0.0,1.0,0.0,0.0,0.0,0.0,0.0,0.0,0.0,0.0,0.0,1.0,0.0,0.0,0.0,0.0,1.0,0.0,0.0,0.0,1.0
321,0,1.2486832308398488,1.5956792279799288,1.4114353336402654,-1.4022598783286333,-1.34583606381518,-1.250749811994354,-1.1244583151332361,0,-0.4592387884654193,-0.7556402038277333,1.6246991030012907,-1.207209621323638,0.0,0.0,1.0,0.0,0.0,0.0,0.0,0.0,0.0,0.0,0.0,1.0,0.0,0.0,0.0,0.0,1.0,0.0,1.0,0.0,0.0
2,1,-1.6376426550322374,-1.1730362270641117,-1.0982801090608083,0.03984423118990614,1.4755915587570028,1.1704739441437821,1.9700774454247496,0,-0.4592387884654193,-0.7556402038277333,-1.1351985405527547,0.7375785275905388,0.0,1.0,0.0,0.0,0.0,0.0,0.0,0.0,0.0,0.0,0.0,1.0,0.0,0.0,0.0,0.0,1.0,0.0,0.0,0.0,1.0
143,0,-0.48311230068340294,-0.04037990454609589,0.5748635194065742,0.03984423118990614,-0.7815505393007436,-0.5243826851529132,0.11335598908995821,0,-1.7516037763214496,-1.5682032752238573,0.2734992150112887,-0.040336731975132,1.0,0.0,0.0,0.0,0.0,0.0,0.0,0.0,0.0,0.0,0.0,1.0,0.0,0.0,0.0,0.0,0.0,1.0,1.0,0.0,0.0
126,1,-0.48311230068340294,0.211321500457908,0.5748635194065742,0.03984423118990614,-0.217265014786307,-0.5243826851529132,0.7322631412015553,0,0.18694370546259584,0.05692286756839061,0.388494950159374,0.21896835454675825,0.0,0.0,0.0,1.0,0.0,0.0,0.0,0.0,0.0,0.0,0.0,1.0,0.0,0.0,0.0,0.0,1.0,0.0,1.0,0.0,0.0
150,0,-0.3676592652485195,1.092276417971921,1.4114353336402654,1.0012469708689324,-1.34583606381518,-0.7665050607667269,0.4228095651457568,0,-1.7516037763214496,-1.0806654323861828,1.3659586989180983,0.7375785275905388,1.0,0.0,0.0,0.0,0.0,0.0,0.0,0.0,0.0,0.0,0.0,0.0,1.0,0.0,0.0,0.0,0.0,1.0,1.0,0.0,0.0
26,1,-1.4067365841624706,0.8405750129679171,-0.26170829482711705,0.7608962859491759,0.3470205097281296,-0.04013793392528595,0.7322631412015553,0,-1.1054212823934344,-0.7556402038277333,0.11538007918267183,0.7375785275905388,0.0,1.0,0.0,0.0,0.0,0.0,0.0,0.0,0.0,0.0,0.0,1.0,0.0,0.0,0.0,0.0,1.0,0.0,0.0,0.0,1.0
133,0,-0.48311230068340294,-0.04037990454609589,0.5748635194065742,0.03984423118990614,-0.7815505393007436,-0.5243826851529132,0.11335598908995821,0,-1.7516037763214496,-1.5682032752238573,0.2734992150112887,-0.040336731975132,1.0,0.0,0.0,0.0,0.0,0.0,0.0,0.0,0.0,0.0,0.0,1.0,0.0,0.0,0.0,0.0,0.0,1.0,1.0,0.0,0.0
317,0,1.2486832308398488,1.7215299304819303,1.4114353336402654,-1.4022598783286333,-1.34583606381518,-1.250749811994354,-1.1244583151332361,0,-0.4592387884654193,-0.7556402038277333,1.689384204022088,-1.207209621323638,0.0,0.0,1.0,0.0,0.0,0.0,0.0,0.0,0.0,0.0,0.0,1.0,0.0,0.0,0.0,0.0,1.0,0.0,1.0,0.0,0.0
108,1,-0.5985653361182864,0.8405750129679171,0.5748635194065742,0.5205456010294193,-0.7815505393007436,-0.5243826851529132,0.11335598908995821,0,-1.1054212823934344,-0.7556402038277333,0.675984288029587,0.2621858689670733,0.0,0.0,1.0,0.0,0.0,0.0,0.0,0.0,0.0,0.0,0.0,0.0,1.0,0.0,0.0,0.0,1.0,0.0,1.0,0.0,0.0
153,1,-0.3676592652485195,0.08547079795590662,0.5748635194065742,0.03984423118990614,-0.217265014786307,-0.5243826851529132,0.7322631412015553,0,0.18694370546259584,0.05692286756839061,0.3309970825853316,0.21896835454675825,0.0,0.0,0.0,1.0,0.0,0.0,0.0,0.0,0.0,0.0,0.0,1.0,0.0,0.0,0.0,0.0,1.0,0.0,1.0,0.0,0.0
109,1,-0.5985653361182864,0.3371722029599105,0.5748635194065742,0.03984423118990614,-0.217265014786307,-0.5243826851529132,0.7322631412015553,0,0.18694370546259584,0.05692286756839061,0.4459928177334169,0.21896835454675825,0.0,0.0,0.0,1.0,0.0,0.0,0.0,0.0,0.0,0.0,0.0,1.0,0.0,0.0,0.0,0.0,1.0,0.0,1.0,0.0,0.0
12,1,-1.5221896195973539,-1.2988869295661143,-1.0982801090608083,-1.4022598783286333,1.4755915587570028,-0.04013793392528595,0.7322631412015553,0,-1.1054212823934344,-0.7556402038277333,-1.1783219412332873,-0.8182519915408027,0.0,1.0,0.0,0.0,0.0,0.0,0.0,0.0,0.0,0.0,0.0,1.0,0.0,0.0,0.0,0.0,1.0,0.0,0.0,0.0,1.0
61,1,-1.1758305132927036,-1.4247376320681155,-1.0982801090608083,-1.4022598783286333,1.4755915587570028,0.4441068173023413,-1.1244583151332361,0,-0.4592387884654193,-0.7556402038277333,-1.221445341913819,-1.207209621323638,0.0,1.0,0.0,0.0,0.0,0.0,0.0,0.0,0.0,0.0,0.0,1.0,0.0,0.0,0.0,0.0,1.0,0.0,0.0,0.0,1.0
205,1,0.09415287649101425,0.7147243104659158,0.5748635194065742,1.4819483407084455,-0.217265014786307,-0.04013793392528595,0.7322631412015553,0,0.18694370546259584,0.05692286756839061,0.6184864204555446,1.2561887006343193,0.0,0.0,1.0,0.0,0.0,0.0,0.0,0.0,0.0,0.0,0.0,1.0,0.0,0.0,0.0,0.0,1.0,0.0,1.0,0.0,0.0
74,1,-1.06037747785782,-1.4247376320681155,-1.0982801090608083,-1.4022598783286333,1.4755915587570028,0.4441068173023413,-1.1244583151332361,0,-0.4592387884654193,-0.7556402038277333,-1.221445341913819,-1.207209621323638,0.0,1.0,0.0,0.0,0.0,0.0,0.0,0.0,0.0,0.0,0.0,1.0,0.0,0.0,0.0,0.0,1.0,0.0,0.0,0.0,1.0
328,0,1.2486832308398488,1.4698285254779275,1.4114353336402654,-1.4022598783286333,-1.34583606381518,-1.250749811994354,-1.1244583151332361,0,-0.4592387884654193,-0.7556402038277333,1.5600140019804924,-1.207209621323638,0.0,0.0,1.0,0.0,0.0,0.0,0.0,0.0,0.0,0.0,0.0,1.0,0.0,0.0,0.0,0.0,1.0,0.0,1.0,0.0,0.0
47,1,-1.291283548727587,0.8405750129679171,-0.26170829482711705,0.7608962859491759,0.3470205097281296,-0.04013793392528595,0.7322631412015553,0,-1.1054212823934344,-0.7556402038277333,0.11538007918267183,0.7375785275905388,0.0,1.0,0.0,0.0,0.0,0.0,0.0,0.0,0.0,0.0,0.0,1.0,0.0,0.0,0.0,0.0,1.0,0.0,0.0,0.0,1.0
66,1,-1.1758305132927036,0.08547079795590662,0.5748635194065742,-0.440857138649607,0.3470205097281296,-0.5243826851529132,0.11335598908995821,0,-1.3638942799646405,-1.4056906609446325,0.3309970825853316,-0.3428593329173373,1.0,0.0,0.0,0.0,0.0,0.0,0.0,0.0,0.0,0.0,0.0,0.0,1.0,0.0,0.0,0.0,0.0,1.0,0.0,0.0,1.0
106,0,-0.5985653361182864,-1.2988869295661143,-1.0982801090608083,-0.8254182345212175,0.3470205097281296,1.6547186953714095,-1.6195840368225138,0,-0.33000228967981626,-0.26810236099005896,-1.1783219412332873,-1.0931153832540064,0.0,0.0,0.0,0.0,0.0,1.0,0.0,0.0,0.0,0.0,0.0,0.0,0.0,0.0,1.0,0.0,1.0,0.0,1.0,0.0,0.0
15,1,-1.5221896195973539,-1.4247376320681155,-1.0982801090608083,-1.4022598783286333,1.4755915587570028,-0.04013793392528595,0.7322631412015553,0,-1.1054212823934344,-0.7556402038277333,-1.221445341913819,-0.8182519915408027,0.0,1.0,0.0,0.0,0.0,0.0,0.0,0.0,0.0,0.0,0.0,1.0,0.0,0.0,0.0,0.0,1.0,0.0,0.0,0.0,1.0
68,0,-1.06037747785782,-1.1730362270641117,-1.0982801090608083,-0.440857138649607,0.3470205097281296,1.4125963197575957,-0.8150047390774375,0,-0.07152929210861023,0.05692286756839061,-1.1351985405527547,-0.6669906910697001,0.0,0.0,0.0,0.0,0.0,0.0,0.0,0.0,1.0,0.0,0.0,0.0,0.0,0.0,1.0,0.0,1.0,0.0,0.0,0.0,1.0
157,1,-0.3676592652485195,0.08547079795590662,0.5748635194065742,0.03984423118990614,-0.217265014786307,-0.5243826851529132,0.7322631412015553,0,0.18694370546259584,0.05692286756839061,0.3309970825853316,0.21896835454675825,0.0,0.0,0.0,1.0,0.0,0.0,0.0,0.0,0.0,0.0,0.0,1.0,0.0,0.0,0.0,0.0,1.0,0.0,1.0,0.0,0.0
55,1,-1.1758305132927036,-1.4247376320681155,-1.0982801090608083,-1.4022598783286333,1.4755915587570028,0.4441068173023413,-1.1244583151332361,0,-0.4592387884654193,-0.7556402038277333,-1.221445341913819,-1.207209621323638,0.0,1.0,0.0,0.0,0.0,0.0,0.0,0.0,0.0,0.0,0.0,1.0,0.0,0.0,0.0,0.0,1.0,0.0,0.0,0.0,1.0
115,0,-0.5985653361182864,0.08547079795590662,0.5748635194065742,0.03984423118990614,-0.7815505393007436,-0.5243826851529132,0.11335598908995821,0,-1.7516037763214496,-1.5682032752238573,0.3309970825853316,-0.040336731975132,1.0,0.0,0.0,0.0,0.0,0.0,0.0,0.0,0.0,0.0,0.0,1.0,0.0,0.0,0.0,0.0,0.0,1.0,1.0,0.0,0.0
44,1,-1.291283548727587,0.7147243104659158,-0.26170829482711705,0.7608962859491759,0.3470205097281296,-0.04013793392528595,0.7322631412015553,0,-1.1054212823934344,-0.7556402038277333,0.06506944505538434,0.7375785275905388,0.0,1.0,0.0,0.0,0.0,0.0,0.0,0.0,0.0,0.0,0.0,1.0,0.0,0.0,0.0,0.0,1.0,0.0,0.0,0.0,1.0
93,1,-0.8294714069880533,0.3371722029599105,-0.26170829482711705,0.03984423118990614,-0.217265014786307,3.3495753246681046,-2.176600473722951,2,0.8331261993906109,0.5444607104060649,-0.08586245732647708,-0.9997655521061259,0.0,0.0,0.0,1.0,0.0,0.0,0.0,0.0,0.0,0.0,0.0,0.0,0.0,1.0,0.0,0.0,1.0,0.0,1.0,0.0,0.0
80,0,-0.9449244424229367,-1.6764390370721196,-2.771423737528191,-1.3061196043607306,1.4755915587570028,2.623208197826664,-1.0006768847109166,2,0.31618020424819887,0.21943548184761538,-2.1414112230985007,-1.1363328976743214,0.0,0.0,0.0,0.0,0.0,0.0,0.0,0.0,1.0,0.0,0.0,0.0,0.0,0.0,1.0,0.0,1.0,0.0,0.0,0.0,1.0
274,0,0.7868710891003149,-1.1730362270641117,-1.0982801090608083,1.4819483407084455,1.4755915587570028,1.1704739441437821,1.9700774454247496,2,1.4793086933186261,1.6820490103606385,-1.1351985405527547,2.0341039601999897,0.0,0.0,0.0,0.0,0.0,1.0,0.0,0.0,0.0,0.0,0.0,0.0,0.0,0.0,1.0,0.0,1.0,0.0,1.0,0.0,0.0
290,0,0.9023241245351984,-1.4247376320681155,-1.0982801090608083,1.4819483407084455,1.4755915587570028,1.1704739441437821,1.9700774454247496,2,1.4793086933186261,1.6820490103606385,-1.221445341913819,2.0341039601999897,0.0,0.0,0.0,0.0,0.0,1.0,0.0,0.0,0.0,0.0,0.0,0.0,0.0,0.0,1.0,0.0,1.0,0.0,1.0,0.0,0.0
297,0,0.9023241245351984,-1.2988869295661143,-1.0982801090608083,1.4819483407084455,1.4755915587570028,1.1704739441437821,1.9700774454247496,2,1.4793086933186261,1.6820490103606385,-1.1783219412332873,2.0341039601999897,0.0,0.0,0.0,0.0,0.0,1.0,0.0,0.0,0.0,0.0,0.0,0.0,0.0,0.0,1.0,0.0,1.0,0.0,1.0,0.0,0.0
344,0,1.7104953725793826,1.3439778229759238,1.4114353336402654,0.7608962859491759,-1.34583606381518,-0.5243826851529132,0.11335598908995821,2,1.4793086933186261,1.6820490103606385,1.495328900959694,0.41344716943817594,0.0,0.0,0.0,0.0,0.0,1.0,0.0,0.0,0.0,0.0,0.0,0.0,0.0,0.0,1.0,0.0,1.0,0.0,0.0,1.0,0.0
3,1,-1.6376426550322374,-1.550588334570117,-2.771423737528191,-1.4022598783286333,1.4755915587570028,3.591697700281918,-2.3622726193564305,2,1.4793086933186261,0.8694859389645145,-2.112662289311479,-1.4665147078455283,0.0,0.0,0.0,0.0,0.0,0.0,1.0,0.0,0.0,0.0,0.0,0.0,0.0,1.0,0.0,0.0,1.0,0.0,0.0,0.0,1.0
373,0,1.9414014434491493,1.2181271204739224,1.4114353336402654,0.7608962859491759,-1.34583606381518,-0.5243826851529132,0.11335598908995821,2,1.4793086933186261,1.6820490103606385,1.4306437999388957,0.41344716943817594,0.0,0.0,0.0,0.0,0.0,1.0,0.0,0.0,0.0,0.0,0.0,0.0,0.0,0.0,1.0,0.0,1.0,0.0,0.0,1.0,0.0
185,0,-0.021300158943869187,-0.4179320120521012,-1.0982801090608083,-0.6812078235693636,0.9113060342425662,1.896841070985223,-1.1244583151332361,2,0.18694370546259584,0.05692286756839061,-0.8764581364695634,-0.8830782631712752,0.0,0.0,0.0,0.0,0.0,0.0,0.0,0.0,0.0,0.0,1.0,0.0,0.0,0.0,1.0,0.0,1.0,0.0,1.0,0.0,0.0
30,0,-1.4067365841624706,-0.9213348220601079,-1.9348519232944996,-1.1619091934088768,0.9113060342425662,1.896841070985223,-1.6814747520336735,2,0.18694370546259584,0.21943548184761538,-1.5089346797840317,-1.2353010056968428,0.0,0.0,0.0,0.0,0.0,1.0,0.0,0.0,0.0,0.0,0.0,0.0,1.0,0.0,0.0,0.0,1.0,0.0,0.0,0.0,1.0
277,1,0.7868710891003149,1.2181271204739224,1.4114353336402654,1.241597655788689,-1.34583606381518,3.833820075895732,-1.9290376128783122,2,1.350072194533023,1.0319985532437392,1.4306437999388957,-0.4962815091094557,0.0,1.0,0.0,0.0,0.0,0.0,0.0,0.0,0.0,0.0,0.0,0.0,0.0,1.0,0.0,0.0,1.0,0.0,1.0,0.0,0.0
103,1,-0.7140183715531698,-0.669633417056105,-1.9348519232944996,-1.1619091934088768,0.9113060342425662,0.9283515685299685,-1.2482397455555554,2,0.057707206676992806,-0.10558974671083418,-1.4370623453164786,-1.129418095367071,0.0,0.0,0.0,0.0,0.0,0.0,0.0,0.0,0.0,0.0,1.0,0.0,0.0,0.0,1.0,0.0,1.0,0.0,1.0,0.0,0.0
345,0,1.7104953725793826,1.3439778229759238,1.4114353336402654,0.7608962859491759,-1.34583606381518,-0.5243826851529132,0.11335598908995821,2,1.4793086933186261,1.6820490103606385,1.495328900959694,0.41344716943817594,0.0,0.0,0.0,0.0,0.0,1.0,0.0,0.0,0.0,0.0,0.0,0.0,0.0,0.0,1.0,0.0,1.0,0.0,0.0,1.0,0.0
292,0,0.9023241245351984,-1.2988869295661143,-1.0982801090608083,1.4819483407084455,1.4755915587570028,1.1704739441437821,1.9700774454247496,2,1.4793086933186261,1.6820490103606385,-1.1783219412332873,2.0341039601999897,0.0,0.0,0.0,0.0,0.0,1.0,0.0,0.0,0.0,0.0,0.0,0.0,0.0,0.0,1.0,0.0,1.0,0.0,1.0,0.0,0.0
361,0,1.9414014434491493,1.3439778229759238,1.4114353336402654,0.7608962859491759,-1.34583606381518,-0.5243826851529132,0.11335598908995821,2,1.4793086933186261,1.6820490103606385,1.495328900959694,0.41344716943817594,0.0,0.0,0.0,0.0,0.0,1.0,0.0,0.0,0.0,0.0,0.0,0.0,0.0,0.0,1.0,0.0,1.0,0.0,0.0,1.0,0.0
370,0,1.9414014434491493,1.092276417971921,1.4114353336402654,0.7608962859491759,-1.34583606381518,-0.5243826851529132,0.11335598908995821,2,1.4793086933186261,1.6820490103606385,1.3659586989180983,0.41344716943817594,0.0,0.0,0.0,0.0,0.0,1.0,0.0,0.0,0.0,0.0,0.0,0.0,0.0,0.0,1.0,0.0,1.0,0.0,0.0,1.0,0.0
4,1,-1.6376426550322374,-1.550588334570117,-2.771423737528191,-1.4022598783286333,1.4755915587570028,3.591697700281918,-2.3622726193564305,2,1.4793086933186261,0.8694859389645145,-2.112662289311479,-1.4665147078455283,0.0,0.0,0.0,0.0,0.0,0.0,1.0,0.0,0.0,0.0,0.0,0.0,0.0,1.0,0.0,0.0,1.0,0.0,0.0,0.0,1.0
340,0,1.4795893017096156,1.2181271204739224,1.4114353336402654,0.7608962859491759,-0.7815505393007436,0.4441068173023413,-1.1244583151332361,2,1.4793086933186261,1.6820490103606385,1.4306437999388957,-0.23481554686654968,0.0,0.0,0.0,0.0,0.0,1.0,0.0,0.0,0.0,0.0,0.0,0.0,0.0,0.0,1.0,0.0,1.0,0.0,1.0,0.0,0.0
371,0,1.9414014434491493,1.2181271204739224,1.4114353336402654,0.7608962859491759,-1.34583606381518,-0.5243826851529132,0.11335598908995821,2,1.4793086933186261,1.6820490103606385,1.4306437999388957,0.41344716943817594,0.0,0.0,0.0,0.0,0.0,1.0,0.0,0.0,0.0,0.0,0.0,0.0,0.0,0.0,1.0,0.0,1.0,0.0,0.0,1.0,0.0
272,0,0.7868710891003149,-1.2988869295661143,-1.0982801090608083,1.4819483407084455,1.4755915587570028,1.1704739441437821,1.9700774454247496,2,1.4793086933186261,1.6820490103606385,-1.1783219412332873,2.0341039601999897,0.0,0.0,0.0,0.0,0.0,1.0,0.0,0.0,0.0,0.0,0.0,0.0,0.0,0.0,1.0,0.0,1.0,0.0,1.0,0.0,0.0
275,0,0.7868710891003149,-1.1730362270641117,-1.0982801090608083,1.4819483407084455,1.4755915587570028,1.1704739441437821,1.9700774454247496,2,1.4793086933186261,1.6820490103606385,-1.1351985405527547,2.0341039601999897,0.0,0.0,0.0,0.0,0.0,1.0,0.0,0.0,0.0,0.0,0.0,0.0,0.0,0.0,1.0,0.0,1.0,0.0,1.0,0.0,0.0
282,0,0.9023241245351984,-1.4247376320681155,-1.0982801090608083,1.4819483407084455,1.4755915587570028,1.1704739441437821,1.9700774454247496,2,1.4793086933186261,1.6820490103606385,-1.221445341913819,2.0341039601999897,0.0,0.0,0.0,0.0,0.0,1.0,0.0,0.0,0.0,0.0,0.0,0.0,0.0,0.0,1.0,0.0,1.0,0.0,1.0,0.0,0.0
353,0,1.8259484080142658,1.092276417971921,1.4114353336402654,0.7608962859491759,-1.34583606381518,-0.5243826851529132,0.11335598908995821,2,1.4793086933186261,1.6820490103606385,1.3659586989180983,0.41344716943817594,0.0,0.0,0.0,0.0,0.0,1.0,0.0,0.0,0.0,0.0,0.0,0.0,0.0,0.0,1.0,0.0,1.0,0.0,0.0,1.0,0.0
269,0,0.7868710891003149,-1.2988869295661143,-1.0982801090608083,1.4819483407084455,1.4755915587570028,1.1704739441437821,1.9700774454247496,2,1.4793086933186261,1.6820490103606385,-1.1783219412332873,2.0341039601999897,0.0,0.0,0.0,0.0,0.0,1.0,0.0,0.0,0.0,0.0,0.0,0.0,0.0,0.0,1.0,0.0,1.0,0.0,1.0,0.0,0.0
16,0,-1.5221896195973539,-0.7954841195581065,-1.9348519232944996,-0.9215585084891201,0.9113060342425662,2.3810858222128504,-1.743365467244833,2,0.4454167030338019,0.38194809612684016,-1.4729985125502552,-1.163992106903323,0.0,0.0,0.0,0.0,0.0,1.0,0.0,0.0,0.0,0.0,0.0,0.0,1.0,0.0,0.0,0.0,1.0,0.0,0.0,0.0,1.0
49,1,-1.291283548727587,0.7147243104659158,-0.26170829482711705,0.7608962859491759,0.3470205097281296,-0.04013793392528595,0.7322631412015553,2,-1.1054212823934344,-0.7556402038277333,0.06506944505538434,0.7375785275905388,0.0,1.0,0.0,0.0,0.0,0.0,0.0,0.0,0.0,0.0,0.0,1.0,0.0,0.0,0.0,0.0,1.0,0.0,0.0,0.0,1.0
268,0,0.7868710891003149,-1.4247376320681155,-1.0982801090608083,1.4819483407084455,1.4755915587570028,1.1704739441437821,1.9700774454247496,2,1.4793086933186261,1.6820490103606385,-1.221445341913819,2.0341039601999897,0.0,0.0,0.0,0.0,0.0,1.0,0.0,0.0,0.0,0.0,0.0,0.0,0.0,0.0,1.0,0.0,1.0,0.0,1.0,0.0,0.0
346,0,1.7104953725793826,1.3439778229759238,1.4114353336402654,0.7608962859491759,-1.34583606381518,-0.5243826851529132,0.11335598908995821,2,1.4793086933186261,1.6820490103606385,1.495328900959694,0.41344716943817594,0.0,0.0,0.0,0.0,0.0,1.0,0.0,0.0,0.0,0.0,0.0,0.0,0.0,0.0,1.0,0.0,1.0,0.0,0.0,1.0,0.0
348,0,1.7104953725793826,1.3439778229759238,1.4114353336402654,0.7608962859491759,-1.34583606381518,-0.5243826851529132,0.11335598908995821,2,1.4793086933186261,1.6820490103606385,1.495328900959694,0.41344716943817594,0.0,0.0,0.0,0.0,0.0,1.0,0.0,0.0,0.0,0.0,0.0,0.0,0.0,0.0,1.0,0.0,1.0,0.0,0.0,1.0,0.0
355,0,1.8259484080142658,1.092276417971921,1.4114353336402654,0.7608962859491759,-1.34583606381518,-0.5243826851529132,0.11335598908995821,2,1.4793086933186261,1.6820490103606385,1.3659586989180983,0.41344716943817594,0.0,0.0,0.0,0.0,0.0,1.0,0.0,0.0,0.0,0.0,0.0,0.0,0.0,0.0,1.0,0.0,1.0,0.0,0.0,1.0,0.0
17,1,-1.5221896195973539,-1.4247376320681155,-1.0982801090608083,-1.4022598783286333,1.4755915587570028,-0.04013793392528595,0.7322631412015553,2,-1.1054212823934344,-0.7556402038277333,-1.221445341913819,-0.8182519915408027,0.0,1.0,0.0,0.0,0.0,0.0,0.0,0.0,0.0,0.0,0.0,1.0,0.0,0.0,0.0,0.0,1.0,0.0,0.0,0.0,1.0
291,0,0.9023241245351984,-1.2988869295661143,-1.0982801090608083,1.4819483407084455,1.4755915587570028,1.1704739441437821,1.9700774454247496,2,1.4793086933186261,1.6820490103606385,-1.1783219412332873,2.0341039601999897,0.0,0.0,0.0,0.0,0.0,1.0,0.0,0.0,0.0,0.0,0.0,0.0,0.0,0.0,1.0,0.0,1.0,0.0,1.0,0.0,0.0
365,0,1.9414014434491493,1.092276417971921,1.4114353336402654,0.7608962859491759,-1.34583606381518,-0.5243826851529132,0.11335598908995821,2,1.4793086933186261,1.6820490103606385,1.3659586989180983,0.41344716943817594,0.0,0.0,0.0,0.0,0.0,1.0,0.0,0.0,0.0,0.0,0.0,0.0,0.0,0.0,1.0,0.0,1.0,0.0,0.0,1.0,0.0
284,0,0.9023241245351984,-1.4247376320681155,-1.0982801090608083,1.4819483407084455,1.4755915587570028,1.1704739441437821,1.9700774454247496,2,1.4793086933186261,1.6820490103606385,-1.221445341913819,2.0341039601999897,0.0,0.0,0.0,0.0,0.0,1.0,0.0,0.0,0.0,0.0,0.0,0.0,0.0,0.0,1.0,0.0,1.0,0.0,1.0,0.0,0.0
360,0,1.9414014434491493,1.3439778229759238,1.4114353336402654,0.7608962859491759,-1.34583606381518,-0.5243826851529132,0.11335598908995821,2,1.4793086933186261,1.6820490103606385,1.495328900959694,0.41344716943817594,0.0,0.0,0.0,0.0,0.0,1.0,0.0,0.0,0.0,0.0,0.0,0.0,0.0,0.0,1.0,0.0,1.0,0.0,0.0,1.0,0.0
350,0,1.7104953725793826,1.2181271204739224,1.4114353336402654,0.7608962859491759,-1.34583606381518,-0.5243826851529132,0.11335598908995821,2,1.4793086933186261,1.6820490103606385,1.4306437999388957,0.41344716943817594,0.0,0.0,0.0,0.0,0.0,1.0,0.0,0.0,0.0,0.0,0.0,0.0,0.0,0.0,1.0,0.0,1.0,0.0,0.0,1.0,0.0
145,0,-0.48311230068340294,0.3371722029599105,-0.26170829482711705,0.03984423118990614,-0.217265014786307,3.3495753246681046,-2.176600473722951,2,0.8331261993906109,0.5444607104060649,-0.08586245732647708,-0.9997655521061259,0.0,0.0,0.0,1.0,0.0,0.0,0.0,0.0,0.0,0.0,0.0,0.0,0.0,1.0,0.0,0.0,1.0,0.0,1.0,0.0,0.0
295,0,0.9023241245351984,-1.4247376320681155,-1.0982801090608083,1.4819483407084455,1.4755915587570028,1.1704739441437821,1.9700774454247496,2,1.4793086933186261,1.6820490103606385,-1.221445341913819,2.0341039601999897,0.0,0.0,0.0,0.0,0.0,1.0,0.0,0.0,0.0,0.0,0.0,0.0,0.0,0.0,1.0,0.0,1.0,0.0,1.0,0.0,0.0
294,0,0.9023241245351984,-1.2988869295661143,-1.0982801090608083,1.4819483407084455,1.4755915587570028,1.1704739441437821,1.9700774454247496,2,1.4793086933186261,1.6820490103606385,-1.1783219412332873,2.0341039601999897,0.0,0.0,0.0,0.0,0.0,1.0,0.0,0.0,0.0,0.0,0.0,0.0,0.0,0.0,1.0,0.0,1.0,0.0,1.0,0.0,0.0
367,0,1.9414014434491493,1.092276417971921,1.4114353336402654,0.7608962859491759,-1.34583606381518,-0.5243826851529132,0.11335598908995821,2,1.4793086933186261,1.6820490103606385,1.3659586989180983,0.41344716943817594,0.0,0.0,0.0,0.0,0.0,1.0,0.0,0.0,0.0,0.0,0.0,0.0,0.0,0.0,1.0,0.0,1.0,0.0,0.0,1.0,0.0
219,1,0.09415287649101425,-0.7954841195581065,-1.0982801090608083,-0.6812078235693636,0.9113060342425662,0.4441068173023413,-0.5055511630216389,2,0.18694370546259584,0.05692286756839061,-1.005828338511159,-0.6885994482798576,0.0,0.0,0.0,0.0,0.0,0.0,0.0,1.0,0.0,0.0,0.0,0.0,0.0,0.0,1.0,0.0,1.0,0.0,1.0,0.0,0.0
270,0,0.7868710891003149,-1.2988869295661143,-1.0982801090608083,1.4819483407084455,1.4755915587570028,1.1704739441437821,1.9700774454247496,2,1.4793086933186261,1.6820490103606385,-1.1783219412332873,2.0341039601999897,0.0,0.0,0.0,0.0,0.0,1.0,0.0,0.0,0.0,0.0,0.0,0.0,0.0,0.0,1.0,0.0,1.0,0.0,1.0,0.0,0.0
357,0,1.8259484080142658,1.092276417971921,1.4114353336402654,0.7608962859491759,-1.34583606381518,-0.5243826851529132,0.11335598908995821,2,1.4793086933186261,1.6820490103606385,1.3659586989180983,0.41344716943817594,0.0,0.0,0.0,0.0,0.0,1.0,0.0,0.0,0.0,0.0,0.0,0.0,0.0,0.0,1.0,0.0,1.0,0.0,0.0,1.0,0.0
184,0,-0.021300158943869187,-0.4179320120521012,-1.0982801090608083,-0.6812078235693636,0.9113060342425662,1.896841070985223,-1.1244583151332361,2,0.18694370546259584,0.05692286756839061,-0.8764581364695634,-0.8830782631712752,0.0,0.0,0.0,0.0,0.0,0.0,0.0,0.0,0.0,0.0,1.0,0.0,0.0,0.0,1.0,0.0,1.0,0.0,1.0,0.0,0.0
356,0,1.8259484080142658,1.092276417971921,1.4114353336402654,0.7608962859491759,-1.34583606381518,-0.5243826851529132,0.11335598908995821,2,1.4793086933186261,1.6820490103606385,1.3659586989180983,0.41344716943817594,0.0,0.0,0.0,0.0,0.0,1.0,0.0,0.0,0.0,0.0,0.0,0.0,0.0,0.0,1.0,0.0,1.0,0.0,0.0,1.0,0.0
364,0,1.9414014434491493,1.092276417971921,1.4114353336402654,0.7608962859491759,-1.34583606381518,-0.5243826851529132,0.11335598908995821,2,1.4793086933186261,1.6820490103606385,1.3659586989180983,0.41344716943817594,0.0,0.0,0.0,0.0,0.0,1.0,0.0,0.0,0.0,0.0,0.0,0.0,0.0,0.0,1.0,0.0,1.0,0.0,0.0,1.0,0.0
144,1,-0.48311230068340294,-0.04037990454609589,0.5748635194065742,0.03984423118990614,-0.217265014786307,-0.5243826851529132,0.7322631412015553,2,0.18694370546259584,0.05692286756839061,0.2734992150112887,0.21896835454675825,0.0,0.0,0.0,1.0,0.0,0.0,0.0,0.0,0.0,0.0,0.0,1.0,0.0,0.0,0.0,0.0,1.0,0.0,1.0,0.0,0.0
303,0,1.0177771599700818,-1.4247376320681155,-1.0982801090608083,1.4819483407084455,1.4755915587570028,1.1704739441437821,1.9700774454247496,2,1.4793086933186261,1.6820490103606385,-1.221445341913819,2.0341039601999897,0.0,0.0,0.0,0.0,0.0,1.0,0.0,0.0,0.0,0.0,0.0,0.0,0.0,0.0,1.0,0.0,1.0,0.0,1.0,0.0,0.0
287,0,0.9023241245351984,-1.4247376320681155,-1.0982801090608083,1.4819483407084455,1.4755915587570028,1.1704739441437821,1.9700774454247496,2,1.4793086933186261,1.6820490103606385,-1.221445341913819,2.0341039601999897,0.0,0.0,0.0,0.0,0.0,1.0,0.0,0.0,0.0,0.0,0.0,0.0,0.0,0.0,1.0,0.0,1.0,0.0,1.0,0.0,0.0
354,0,1.8259484080142658,1.092276417971921,1.4114353336402654,0.7608962859491759,-1.34583606381518,-0.5243826851529132,0.11335598908995821,2,1.4793086933186261,1.6820490103606385,1.3659586989180983,0.41344716943817594,0.0,0.0,0.0,0.0,0.0,1.0,0.0,0.0,0.0,0.0,0.0,0.0,0.0,0.0,1.0,0.0,1.0,0.0,0.0,1.0,0.0
265,0,0.6714180536654315,-1.550588334570117,-1.0982801090608083,1.4819483407084455,1.4755915587570028,1.1704739441437821,1.9700774454247496,2,1.4793086933186261,1.6820490103606385,-1.2645687425943504,2.0341039601999897,0.0,0.0,0.0,0.0,0.0,1.0,0.0,0.0,0.0,0.0,0.0,0.0,0.0,0.0,1.0,0.0,1.0,0.0,1.0,0.0,0.0
276,1,0.7868710891003149,1.2181271204739224,1.4114353336402654,1.241597655788689,-1.34583606381518,3.833820075895732,-1.9290376128783122,2,1.350072194533023,1.0319985532437392,1.4306437999388957,-0.4962815091094557,0.0,1.0,0.0,0.0,0.0,0.0,0.0,0.0,0.0,0.0,0.0,0.0,0.0,1.0,0.0,0.0,1.0,0.0,1.0,0.0,0.0
339,0,1.4795893017096156,1.2181271204739224,1.4114353336402654,0.7608962859491759,-0.7815505393007436,0.4441068173023413,-1.1244583151332361,2,1.4793086933186261,1.6820490103606385,1.4306437999388957,-0.23481554686654968,0.0,0.0,0.0,0.0,0.0,1.0,0.0,0.0,0.0,0.0,0.0,0.0,0.0,0.0,1.0,0.0,1.0,0.0,1.0,0.0,0.0
286,0,0.9023241245351984,-1.4247376320681155,-1.0982801090608083,1.4819483407084455,1.4755915587570028,1.1704739441437821,1.9700774454247496,2,1.4793086933186261,1.6820490103606385,-1.221445341913819,2.0341039601999897,0.0,0.0,0.0,0.0,0.0,1.0,0.0,0.0,0.0,0.0,0.0,0.0,0.0,0.0,1.0,0.0,1.0,0.0,1.0,0.0,0.0
289,0,0.9023241245351984,-1.2988869295661143,-1.0982801090608083,1.4819483407084455,1.4755915587570028,1.1704739441437821,1.9700774454247496,2,1.4793086933186261,1.6820490103606385,-1.1783219412332873,2.0341039601999897,0.0,0.0,0.0,0.0,0.0,1.0,0.0,0.0,0.0,0.0,0.0,0.0,0.0,0.0,1.0,0.0,1.0,0.0,1.0,0.0,0.0
104,0,-0.7140183715531698,0.08547079795590662,0.5748635194065742,0.03984423118990614,-0.7815505393007436,-0.5243826851529132,0.11335598908995821,2,-1.7516037763214496,-1.5682032752238573,0.3309970825853316,-0.040336731975132,0.0,0.0,0.0,0.0,0.0,0.0,0.0,0.0,0.0,0.0,1.0,1.0,0.0,0.0,0.0,0.0,0.0,1.0,1.0,0.0,0.0
352,0,1.8259484080142658,1.092276417971921,1.4114353336402654,0.7608962859491759,-1.34583606381518,-0.5243826851529132,0.11335598908995821,2,1.4793086933186261,1.6820490103606385,1.3659586989180983,0.41344716943817594,0.0,0.0,0.0,0.0,0.0,1.0,0.0,0.0,0.0,0.0,0.0,0.0,0.0,0.0,1.0,0.0,1.0,0.0,0.0,1.0,0.0
347,0,1.7104953725793826,1.3439778229759238,1.4114353336402654,0.7608962859491759,-1.34583606381518,-0.5243826851529132,0.11335598908995821,2,1.4793086933186261,1.6820490103606385,1.495328900959694,0.41344716943817594,0.0,0.0,0.0,0.0,0.0,1.0,0.0,0.0,0.0,0.0,0.0,0.0,0.0,0.0,1.0,0.0,1.0,0.0,0.0,1.0,0.0
368,0,1.9414014434491493,1.2181271204739224,1.4114353336402654,0.7608962859491759,-1.34583606381518,-0.5243826851529132,0.11335598908995821,2,1.4793086933186261,1.6820490103606385,1.4306437999388957,0.41344716943817594,0.0,0.0,0.0,0.0,0.0,1.0,0.0,0.0,0.0,0.0,0.0,0.0,0.0,0.0,1.0,0.0,1.0,0.0,0.0,1.0,0.0
218,1,0.09415287649101425,0.8405750129679171,0.5748635194065742,1.4819483407084455,-0.217265014786307,-0.04013793392528595,0.7322631412015553,2,0.18694370546259584,0.05692286756839061,0.675984288029587,1.2561887006343193,0.0,0.0,1.0,0.0,0.0,0.0,0.0,0.0,0.0,0.0,0.0,1.0,0.0,0.0,0.0,0.0,1.0,0.0,1.0,0.0,0.0
362,0,1.9414014434491493,1.3439778229759238,1.4114353336402654,0.7608962859491759,-1.34583606381518,-0.5243826851529132,0.11335598908995821,2,1.4793086933186261,1.6820490103606385,1.495328900959694,0.41344716943817594,0.0,0.0,0.0,0.0,0.0,1.0,0.0,0.0,0.0,0.0,0.0,0.0,0.0,0.0,1.0,0.0,1.0,0.0,0.0,1.0,0.0
293,0,0.9023241245351984,-1.4247376320681155,-1.0982801090608083,1.4819483407084455,1.4755915587570028,1.1704739441437821,1.9700774454247496,2,1.4793086933186261,1.6820490103606385,-1.221445341913819,2.0341039601999897,0.0,0.0,0.0,0.0,0.0,1.0,0.0,0.0,0.0,0.0,0.0,0.0,0.0,0.0,1.0,0.0,1.0,0.0,1.0,0.0,0.0
283,0,0.9023241245351984,-1.4247376320681155,-1.0982801090608083,1.4819483407084455,1.4755915587570028,1.1704739441437821,1.9700774454247496,2,1.4793086933186261,1.6820490103606385,-1.221445341913819,2.0341039601999897,0.0,0.0,0.0,0.0,0.0,1.0,0.0,0.0,0.0,0.0,0.0,0.0,0.0,0.0,1.0,0.0,1.0,0.0,1.0,0.0,0.0
304,0,1.0177771599700818,-1.2988869295661143,-1.0982801090608083,1.4819483407084455,1.4755915587570028,1.1704739441437821,1.9700774454247496,2,1.4793086933186261,1.6820490103606385,-1.1783219412332873,2.0341039601999897,0.0,0.0,0.0,0.0,0.0,1.0,0.0,0.0,0.0,0.0,0.0,0.0,0.0,0.0,1.0,0.0,1.0,0.0,1.0,0.0,0.0
271,0,0.7868710891003149,-1.2988869295661143,-1.0982801090608083,1.4819483407084455,1.4755915587570028,1.1704739441437821,1.9700774454247496,2,1.4793086933186261,1.6820490103606385,-1.1783219412332873,2.0341039601999897,0.0,0.0,0.0,0.0,0.0,1.0,0.0,0.0,0.0,0.0,0.0,0.0,0.0,0.0,1.0,0.0,1.0,0.0,1.0,0.0,0.0
288,0,0.9023241245351984,-1.4247376320681155,-1.0982801090608083,1.4819483407084455,1.4755915587570028,1.1704739441437821,1.9700774454247496,2,1.4793086933186261,1.6820490103606385,-1.221445341913819,2.0341039601999897,0.0,0.0,0.0,0.0,0.0,1.0,0.0,0.0,0.0,0.0,0.0,0.0,0.0,0.0,1.0,0.0,1.0,0.0,1.0,0.0,0.0
285,0,0.9023241245351984,-1.4247376320681155,-1.0982801090608083,1.4819483407084455,1.4755915587570028,1.1704739441437821,1.9700774454247496,2,1.4793086933186261,1.6820490103606385,-1.221445341913819,2.0341039601999897,0.0,0.0,0.0,0.0,0.0,1.0,0.0,0.0,0.0,0.0,0.0,0.0,0.0,0.0,1.0,0.0,1.0,0.0,1.0,0.0,0.0
296,0,0.9023241245351984,-1.2988869295661143,-1.0982801090608083,1.4819483407084455,1.4755915587570028,1.1704739441437821,1.9700774454247496,2,1.4793086933186261,1.6820490103606385,-1.1783219412332873,2.0341039601999897,0.0,0.0,0.0,0.0,0.0,1.0,0.0,0.0,0.0,0.0,0.0,0.0,0.0,0.0,1.0,0.0,1.0,0.0,1.0,0.0,0.0
363,0,1.9414014434491493,1.3439778229759238,1.4114353336402654,0.7608962859491759,-1.34583606381518,-0.5243826851529132,0.11335598908995821,2,1.4793086933186261,1.6820490103606385,1.495328900959694,0.41344716943817594,0.0,0.0,0.0,0.0,0.0,1.0,0.0,0.0,0.0,0.0,0.0,0.0,0.0,0.0,1.0,0.0,1.0,0.0,0.0,1.0,0.0
369,0,1.9414014434491493,1.2181271204739224,1.4114353336402654,0.7608962859491759,-1.34583606381518,-0.5243826851529132,0.11335598908995821,2,1.4793086933186261,1.6820490103606385,1.4306437999388957,0.41344716943817594,0.0,0.0,0.0,0.0,0.0,1.0,0.0,0.0,0.0,0.0,0.0,0.0,0.0,0.0,1.0,0.0,1.0,0.0,0.0,1.0,0.0
366,0,1.9414014434491493,1.2181271204739224,1.4114353336402654,0.7608962859491759,-1.34583606381518,-0.5243826851529132,0.11335598908995821,2,1.4793086933186261,1.6820490103606385,1.4306437999388957,0.41344716943817594,0.0,0.0,0.0,0.0,0.0,1.0,0.0,0.0,0.0,0.0,0.0,0.0,0.0,0.0,1.0,0.0,1.0,0.0,0.0,1.0,0.0
349,0,1.7104953725793826,1.2181271204739224,1.4114353336402654,0.7608962859491759,-1.34583606381518,-0.5243826851529132,0.11335598908995821,2,1.4793086933186261,1.6820490103606385,1.4306437999388957,0.41344716943817594,0.0,0.0,0.0,0.0,0.0,1.0,0.0,0.0,0.0,0.0,0.0,0.0,0.0,0.0,1.0,0.0,1.0,0.0,0.0,1.0,0.0
305,0,1.0177771599700818,-1.2988869295661143,-1.0982801090608083,1.4819483407084455,1.4755915587570028,1.1704739441437821,1.9700774454247496,2,1.4793086933186261,1.6820490103606385,-1.1783219412332873,2.0341039601999897,0.0,0.0,0.0,0.0,0.0,1.0,0.0,0.0,0.0,0.0,0.0,0.0,0.0,0.0,1.0,0.0,1.0,0.0,1.0,0.0,0.0
372,0,1.9414014434491493,1.2181271204739224,1.4114353336402654,0.7608962859491759,-1.34583606381518,-0.5243826851529132,0.11335598908995821,2,1.4793086933186261,1.6820490103606385,1.4306437999388957,0.41344716943817594,0.0,0.0,0.0,0.0,0.0,1.0,0.0,0.0,0.0,0.0,0.0,0.0,0.0,0.0,1.0,0.0,1.0,0.0,0.0,1.0,0.0
351,0,1.7104953725793826,1.2181271204739224,1.4114353336402654,0.7608962859491759,-1.34583606381518,-0.5243826851529132,0.11335598908995821,2,1.4793086933186261,1.6820490103606385,1.4306437999388957,0.41344716943817594,0.0,0.0,0.0,0.0,0.0,1.0,0.0,0.0,0.0,0.0,0.0,0.0,0.0,0.0,1.0,0.0,1.0,0.0,0.0,1.0,0.0
273,0,0.7868710891003149,-1.1730362270641117,-1.0982801090608083,1.4819483407084455,1.4755915587570028,1.1704739441437821,1.9700774454247496,2,1.4793086933186261,1.6820490103606385,-1.1351985405527547,2.0341039601999897,0.0,0.0,0.0,0.0,0.0,1.0,0.0,0.0,0.0,0.0,0.0,0.0,0.0,0.0,1.0,0.0,1.0,0.0,1.0,0.0,0.0
281,0,0.9023241245351984,-1.2988869295661143,-1.0982801090608083,1.4819483407084455,1.4755915587570028,1.1704739441437821,1.9700774454247496,2,1.4793086933186261,1.6820490103606385,-1.1783219412332873,2.0341039601999897,0.0,0.0,0.0,0.0,0.0,1.0,0.0,0.0,0.0,0.0,0.0,0.0,0.0,0.0,1.0,0.0,1.0,0.0,1.0,0.0,0.0
5,1,-1.6376426550322374,-1.550588334570117,-2.771423737528191,-1.4022598783286333,1.4755915587570028,3.591697700281918,-2.3622726193564305,1,1.4793086933186261,0.8694859389645145,-2.112662289311479,-1.4665147078455283,0.0,0.0,0.0,0.0,0.0,0.0,0.0,0.0,0.0,1.0,0.0,0.0,0.0,1.0,0.0,0.0,1.0,0.0,0.0,0.0,1.0
6,1,-1.5221896195973539,-1.0471855245621104,-1.0982801090608083,-0.9215585084891201,0.9113060342425662,2.8653305734404775,-2.052819043300632,1,1.4793086933186261,0.8694859389645145,-1.0920751398722233,-1.2504271357439531,0.0,0.0,0.0,0.0,0.0,0.0,0.0,0.0,0.0,0.0,1.0,0.0,0.0,1.0,0.0,0.0,1.0,0.0,0.0,0.0,1.0
18,0,-1.5221896195973539,-0.7954841195581065,-1.9348519232944996,-0.9215585084891201,0.9113060342425662,2.3810858222128504,-1.743365467244833,1,0.4454167030338019,0.38194809612684016,-1.4729985125502552,-1.163992106903323,0.0,0.0,0.0,0.0,0.0,1.0,0.0,0.0,0.0,0.0,0.0,0.0,1.0,0.0,0.0,0.0,1.0,0.0,0.0,0.0,1.0
31,0,-1.4067365841624706,-0.9213348220601079,-1.9348519232944996,-1.1619091934088768,0.9113060342425662,1.896841070985223,-1.6814747520336735,1,0.18694370546259584,0.21943548184761538,-1.5089346797840317,-1.2353010056968428,0.0,0.0,0.0,0.0,0.0,1.0,0.0,0.0,0.0,0.0,0.0,0.0,1.0,0.0,0.0,0.0,1.0,0.0,0.0,0.0,1.0
67,1,-1.06037747785782,-1.4247376320681155,-1.0982801090608083,-1.4022598783286333,1.4755915587570028,0.4441068173023413,-1.1244583151332361,1,-0.4592387884654193,-0.7556402038277333,-1.221445341913819,-1.207209621323638,0.0,1.0,0.0,0.0,0.0,0.0,0.0,0.0,0.0,0.0,0.0,1.0,0.0,0.0,0.0,0.0,1.0,0.0,0.0,0.0,1.0
94,0,-0.7140183715531698,0.08547079795590662,0.5748635194065742,0.03984423118990614,-0.7815505393007436,-0.5243826851529132,0.11335598908995821,1,-1.7516037763214496,-1.5682032752238573,0.3309970825853316,-0.040336731975132,1.0,0.0,0.0,0.0,0.0,0.0,0.0,0.0,0.0,0.0,0.0,1.0,0.0,0.0,0.0,0.0,0.0,1.0,1.0,0.0,0.0
105,1,-0.7140183715531698,-0.669633417056105,-1.9348519232944996,-1.1619091934088768,0.9113060342425662,0.9283515685299685,-1.2482397455555554,1,0.057707206676992806,-0.10558974671083418,-1.4370623453164786,-1.129418095367071,0.0,0.0,0.0,0.0,0.0,0.0,0.0,0.0,0.0,0.0,1.0,0.0,0.0,0.0,1.0,0.0,1.0,0.0,1.0,0.0,0.0
146,1,-0.3676592652485195,0.08547079795590662,0.5748635194065742,0.03984423118990614,-0.217265014786307,-0.5243826851529132,0.7322631412015553,1,0.18694370546259584,0.05692286756839061,0.3309970825853316,0.21896835454675825,0.0,0.0,0.0,1.0,0.0,0.0,0.0,0.0,0.0,0.0,0.0,1.0,0.0,0.0,0.0,0.0,1.0,0.0,1.0,0.0,0.0
147,1,-0.3676592652485195,-0.7954841195581065,-1.9348519232944996,-0.9215585084891201,0.9113060342425662,2.3810858222128504,-1.743365467244833,1,0.4454167030338019,0.38194809612684016,-1.4729985125502552,-1.163992106903323,0.0,0.0,1.0,0.0,0.0,0.0,0.0,0.0,0.0,0.0,0.0,0.0,0.0,0.0,1.0,0.0,1.0,0.0,1.0,0.0,0.0
165,1,-0.13675319437875263,0.5888736079639133,0.5748635194065742,1.4819483407084455,-0.217265014786307,-0.04013793392528595,0.7322631412015553,1,0.18694370546259584,0.05692286756839061,0.5609885528815017,1.2561887006343193,0.0,0.0,0.0,1.0,0.0,0.0,0.0,0.0,0.0,0.0,0.0,1.0,0.0,0.0,0.0,0.0,1.0,0.0,1.0,0.0,0.0
177,1,-0.021300158943869187,-0.7954841195581065,-1.0982801090608083,-0.6812078235693636,0.9113060342425662,0.4441068173023413,-0.5055511630216389,1,0.18694370546259584,0.05692286756839061,-1.005828338511159,-0.6885994482798576,0.0,0.0,0.0,0.0,0.0,0.0,0.0,1.0,0.0,0.0,0.0,0.0,0.0,0.0,1.0,0.0,1.0,0.0,1.0,0.0,0.0
186,0,0.09415287649101425,-0.5437827145541025,-0.26170829482711705,-0.6812078235693636,-0.7815505393007436,-1.250749811994354,-0.5055511630216389,1,0.8331261993906109,0.8694859389645145,-0.4380368962174884,-0.6885994482798576,0.0,0.0,0.0,0.0,0.0,0.0,0.0,0.0,0.0,0.0,1.0,0.0,0.0,0.0,1.0,0.0,1.0,0.0,1.0,0.0,0.0
187,1,0.09415287649101425,-1.0471855245621104,-1.0982801090608083,-0.6812078235693636,0.9113060342425662,0.4441068173023413,-0.5055511630216389,1,0.18694370546259584,0.05692286756839061,-1.0920751398722233,-0.6885994482798576,0.0,0.0,0.0,0.0,0.0,0.0,0.0,1.0,0.0,0.0,0.0,0.0,0.0,0.0,1.0,0.0,1.0,0.0,1.0,0.0,0.0
188,0,0.09415287649101425,-0.5437827145541025,-0.26170829482711705,-0.6812078235693636,-0.7815505393007436,-1.250749811994354,-0.5055511630216389,1,0.8331261993906109,0.8694859389645145,-0.4380368962174884,-0.6885994482798576,0.0,0.0,0.0,0.0,0.0,0.0,0.0,0.0,0.0,0.0,1.0,0.0,0.0,0.0,1.0,0.0,1.0,0.0,1.0,0.0,0.0
189,1,0.09415287649101425,-0.7954841195581065,-1.0982801090608083,-0.6812078235693636,0.9113060342425662,0.4441068173023413,-0.5055511630216389,1,0.18694370546259584,0.05692286756839061,-1.005828338511159,-0.6885994482798576,0.0,0.0,0.0,0.0,0.0,0.0,0.0,1.0,0.0,0.0,0.0,0.0,0.0,0.0,1.0,0.0,1.0,0.0,1.0,0.0,0.0
190,0,0.09415287649101425,-0.5437827145541025,-0.26170829482711705,-0.6812078235693636,-0.7815505393007436,-1.250749811994354,-0.5055511630216389,1,0.8331261993906109,0.8694859389645145,-0.4380368962174884,-0.6885994482798576,0.0,0.0,0.0,0.0,0.0,0.0,0.0,0.0,0.0,0.0,1.0,0.0,0.0,0.0,1.0,0.0,1.0,0.0,1.0,0.0,0.0
191,1,0.09415287649101425,-0.9213348220601079,-1.0982801090608083,-0.6812078235693636,0.9113060342425662,0.4441068173023413,-0.5055511630216389,1,0.18694370546259584,0.05692286756839061,-1.0489517391916905,-0.6885994482798576,0.0,0.0,0.0,0.0,0.0,0.0,0.0,1.0,0.0,0.0,0.0,0.0,0.0,0.0,1.0,0.0,1.0,0.0,1.0,0.0,0.0
192,1,0.09415287649101425,-0.7954841195581065,-1.0982801090608083,-0.6812078235693636,0.9113060342425662,0.4441068173023413,-0.5055511630216389,1,0.18694370546259584,0.05692286756839061,-1.005828338511159,-0.6885994482798576,0.0,0.0,0.0,0.0,0.0,0.0,0.0,1.0,0.0,0.0,0.0,0.0,0.0,0.0,1.0,0.0,1.0,0.0,1.0,0.0,0.0
193,1,0.09415287649101425,-0.7954841195581065,-1.0982801090608083,-0.6812078235693636,0.9113060342425662,0.4441068173023413,-0.5055511630216389,1,0.18694370546259584,0.05692286756839061,-1.005828338511159,-0.6885994482798576,0.0,0.0,0.0,0.0,0.0,0.0,0.0,1.0,0.0,0.0,0.0,0.0,0.0,0.0,1.0,0.0,1.0,0.0,1.0,0.0,0.0
194,1,0.09415287649101425,-0.7954841195581065,-1.0982801090608083,-0.6812078235693636,0.9113060342425662,0.4441068173023413,-0.5055511630216389,1,0.18694370546259584,0.05692286756839061,-1.005828338511159,-0.6885994482798576,0.0,0.0,0.0,0.0,0.0,0.0,0.0,1.0,0.0,0.0,0.0,0.0,0.0,0.0,1.0,0.0,1.0,0.0,1.0,0.0,0.0
195,1,0.09415287649101425,-0.7954841195581065,-1.0982801090608083,-0.6812078235693636,0.9113060342425662,0.4441068173023413,-0.5055511630216389,1,0.18694370546259584,0.05692286756839061,-1.005828338511159,-0.6885994482798576,0.0,0.0,0.0,0.0,0.0,0.0,0.0,1.0,0.0,0.0,0.0,0.0,0.0,0.0,1.0,0.0,1.0,0.0,1.0,0.0,0.0
196,1,0.09415287649101425,-0.7954841195581065,-1.0982801090608083,-0.6812078235693636,0.9113060342425662,0.4441068173023413,-0.5055511630216389,1,0.18694370546259584,0.05692286756839061,-1.005828338511159,-0.6885994482798576,0.0,0.0,0.0,0.0,0.0,0.0,0.0,1.0,0.0,0.0,0.0,0.0,0.0,0.0,1.0,0.0,1.0,0.0,1.0,0.0,0.0
197,1,0.09415287649101425,-0.7954841195581065,-1.0982801090608083,-0.6812078235693636,0.9113060342425662,0.4441068173023413,-0.5055511630216389,1,0.18694370546259584,0.05692286756839061,-1.005828338511159,-0.6885994482798576,0.0,0.0,0.0,0.0,0.0,0.0,0.0,1.0,0.0,0.0,0.0,0.0,0.0,0.0,1.0,0.0,1.0,0.0,1.0,0.0,0.0
198,1,0.09415287649101425,-0.7954841195581065,-1.0982801090608083,-0.6812078235693636,0.9113060342425662,0.4441068173023413,-0.5055511630216389,1,0.18694370546259584,0.05692286756839061,-1.005828338511159,-0.6885994482798576,0.0,0.0,0.0,0.0,0.0,0.0,0.0,1.0,0.0,0.0,0.0,0.0,0.0,0.0,1.0,0.0,1.0,0.0,1.0,0.0,0.0
199,1,0.09415287649101425,-0.7954841195581065,-1.0982801090608083,-0.6812078235693636,0.9113060342425662,0.4441068173023413,-0.5055511630216389,1,0.18694370546259584,0.05692286756839061,-1.005828338511159,-0.6885994482798576,0.0,0.0,0.0,0.0,0.0,0.0,0.0,1.0,0.0,0.0,0.0,0.0,0.0,0.0,1.0,0.0,1.0,0.0,1.0,0.0,0.0
200,1,0.09415287649101425,-0.7954841195581065,-1.0982801090608083,-0.6812078235693636,0.9113060342425662,0.4441068173023413,-0.5055511630216389,1,0.18694370546259584,0.05692286756839061,-1.005828338511159,-0.6885994482798576,0.0,0.0,0.0,0.0,0.0,0.0,0.0,1.0,0.0,0.0,0.0,0.0,0.0,0.0,1.0,0.0,1.0,0.0,1.0,0.0,0.0
201,1,0.09415287649101425,0.8405750129679171,0.5748635194065742,1.4819483407084455,-0.217265014786307,-0.04013793392528595,0.7322631412015553,1,0.18694370546259584,0.05692286756839061,0.675984288029587,1.2561887006343193,0.0,0.0,1.0,0.0,0.0,0.0,0.0,0.0,0.0,0.0,0.0,1.0,0.0,0.0,0.0,0.0,1.0,0.0,1.0,0.0,0.0
202,1,0.09415287649101425,0.8405750129679171,0.5748635194065742,1.4819483407084455,-0.217265014786307,-0.04013793392528595,0.7322631412015553,1,0.18694370546259584,0.05692286756839061,0.675984288029587,1.2561887006343193,0.0,0.0,1.0,0.0,0.0,0.0,0.0,0.0,0.0,0.0,0.0,1.0,0.0,0.0,0.0,0.0,1.0,0.0,1.0,0.0,0.0
220,0,0.2096059119258977,-0.669633417056105,-0.26170829482711705,-0.6812078235693636,-0.7815505393007436,-1.250749811994354,-0.5055511630216389,1,0.8331261993906109,0.8694859389645145,-0.4883475303447759,-0.6885994482798576,0.0,0.0,0.0,0.0,0.0,0.0,0.0,0.0,0.0,0.0,1.0,0.0,0.0,0.0,1.0,0.0,1.0,0.0,1.0,0.0,0.0
221,1,0.2096059119258977,-0.9213348220601079,-1.0982801090608083,-0.6812078235693636,0.9113060342425662,0.4441068173023413,-0.5055511630216389,1,0.18694370546259584,0.05692286756839061,-1.0489517391916905,-0.6885994482798576,0.0,0.0,0.0,0.0,0.0,0.0,0.0,1.0,0.0,0.0,0.0,0.0,0.0,0.0,1.0,0.0,1.0,0.0,1.0,0.0,0.0
222,1,0.2096059119258977,-1.0471855245621104,-1.0982801090608083,-0.6812078235693636,0.9113060342425662,0.4441068173023413,-0.5055511630216389,1,0.18694370546259584,0.05692286756839061,-1.0920751398722233,-0.6885994482798576,0.0,0.0,0.0,0.0,0.0,0.0,0.0,1.0,0.0,0.0,0.0,0.0,0.0,0.0,1.0,0.0,1.0,0.0,1.0,0.0,0.0
223,1,0.2096059119258977,-0.9213348220601079,-1.0982801090608083,-0.6812078235693636,0.9113060342425662,0.4441068173023413,-0.5055511630216389,1,0.18694370546259584,0.05692286756839061,-1.0489517391916905,-0.6885994482798576,0.0,0.0,0.0,0.0,0.0,0.0,0.0,1.0,0.0,0.0,0.0,0.0,0.0,0.0,1.0,0.0,1.0,0.0,1.0,0.0,0.0
224,0,0.2096059119258977,-0.669633417056105,-0.26170829482711705,-0.6812078235693636,-0.7815505393007436,-1.250749811994354,-0.5055511630216389,1,0.8331261993906109,0.8694859389645145,-0.4883475303447759,-0.6885994482798576,0.0,0.0,0.0,0.0,0.0,0.0,0.0,0.0,0.0,0.0,1.0,0.0,0.0,0.0,1.0,0.0,1.0,0.0,1.0,0.0,0.0
225,1,0.2096059119258977,-1.0471855245621104,-1.0982801090608083,-0.6812078235693636,0.9113060342425662,0.4441068173023413,-0.5055511630216389,1,0.18694370546259584,0.05692286756839061,-1.0920751398722233,-0.6885994482798576,0.0,0.0,0.0,0.0,0.0,0.0,0.0,1.0,0.0,0.0,0.0,0.0,0.0,0.0,1.0,0.0,1.0,0.0,1.0,0.0,0.0
226,0,0.2096059119258977,-0.669633417056105,-0.26170829482711705,-0.6812078235693636,-0.7815505393007436,-1.250749811994354,-0.5055511630216389,1,0.8331261993906109,0.8694859389645145,-0.4883475303447759,-0.6885994482798576,0.0,0.0,0.0,0.0,0.0,0.0,0.0,0.0,0.0,0.0,1.0,0.0,0.0,0.0,1.0,0.0,1.0,0.0,1.0,0.0,0.0
227,1,0.2096059119258977,-1.0471855245621104,-1.0982801090608083,-0.6812078235693636,0.9113060342425662,0.4441068173023413,-0.5055511630216389,1,0.18694370546259584,0.05692286756839061,-1.0920751398722233,-0.6885994482798576,0.0,0.0,0.0,0.0,0.0,0.0,0.0,1.0,0.0,0.0,0.0,0.0,0.0,0.0,1.0,0.0,1.0,0.0,1.0,0.0,0.0
228,0,0.2096059119258977,-0.669633417056105,-0.26170829482711705,-0.6812078235693636,-0.7815505393007436,-1.250749811994354,-0.5055511630216389,1,0.8331261993906109,0.8694859389645145,-0.4883475303447759,-0.6885994482798576,0.0,0.0,0.0,0.0,0.0,0.0,0.0,0.0,0.0,0.0,1.0,0.0,0.0,0.0,1.0,0.0,1.0,0.0,1.0,0.0,0.0
229,1,0.2096059119258977,-1.0471855245621104,-1.0982801090608083,-0.6812078235693636,0.9113060342425662,0.4441068173023413,-0.5055511630216389,1,0.18694370546259584,0.05692286756839061,-1.0920751398722233,-0.6885994482798576,0.0,0.0,0.0,0.0,0.0,0.0,0.0,1.0,0.0,0.0,0.0,0.0,0.0,0.0,1.0,0.0,1.0,0.0,1.0,0.0,0.0
230,0,0.2096059119258977,-0.669633417056105,-0.26170829482711705,-0.6812078235693636,-0.7815505393007436,-1.250749811994354,-0.5055511630216389,1,0.8331261993906109,0.8694859389645145,-0.4883475303447759,-0.6885994482798576,0.0,0.0,0.0,0.0,0.0,0.0,0.0,0.0,0.0,0.0,1.0,0.0,0.0,0.0,1.0,0.0,1.0,0.0,1.0,0.0,0.0
231,1,0.2096059119258977,-1.0471855245621104,-1.0982801090608083,-0.6812078235693636,0.9113060342425662,0.4441068173023413,-0.5055511630216389,1,0.18694370546259584,0.05692286756839061,-1.0920751398722233,-0.6885994482798576,0.0,0.0,0.0,0.0,0.0,0.0,0.0,1.0,0.0,0.0,0.0,0.0,0.0,0.0,1.0,0.0,1.0,0.0,1.0,0.0,0.0
232,0,0.2096059119258977,-0.669633417056105,-0.26170829482711705,-0.6812078235693636,-0.7815505393007436,-1.250749811994354,-0.5055511630216389,1,0.8331261993906109,0.8694859389645145,-0.4883475303447759,-0.6885994482798576,0.0,0.0,0.0,0.0,0.0,0.0,0.0,0.0,0.0,0.0,1.0,0.0,0.0,0.0,1.0,0.0,1.0,0.0,1.0,0.0,0.0
233,1,0.2096059119258977,-1.0471855245621104,-1.0982801090608083,-0.6812078235693636,0.9113060342425662,0.4441068173023413,-0.5055511630216389,1,0.18694370546259584,0.05692286756839061,-1.0920751398722233,-0.6885994482798576,0.0,0.0,0.0,0.0,0.0,0.0,0.0,1.0,0.0,0.0,0.0,0.0,0.0,0.0,1.0,0.0,1.0,0.0,1.0,0.0,0.0
234,0,0.2096059119258977,-0.669633417056105,-0.26170829482711705,-0.6812078235693636,-0.7815505393007436,-1.250749811994354,-0.5055511630216389,1,0.8331261993906109,0.8694859389645145,-0.4883475303447759,-0.6885994482798576,0.0,0.0,0.0,0.0,0.0,0.0,0.0,0.0,0.0,0.0,1.0,0.0,0.0,0.0,1.0,0.0,1.0,0.0,1.0,0.0,0.0
235,1,0.2096059119258977,-1.0471855245621104,-1.0982801090608083,-0.6812078235693636,0.9113060342425662,0.4441068173023413,-0.5055511630216389,1,0.18694370546259584,0.05692286756839061,-1.0920751398722233,-0.6885994482798576,0.0,0.0,0.0,0.0,0.0,0.0,0.0,1.0,0.0,0.0,0.0,0.0,0.0,0.0,1.0,0.0,1.0,0.0,1.0,0.0,0.0
236,1,0.2096059119258977,-0.9213348220601079,-1.0982801090608083,-0.6812078235693636,0.9113060342425662,0.4441068173023413,-0.5055511630216389,1,0.18694370546259584,0.05692286756839061,-1.0489517391916905,-0.6885994482798576,0.0,0.0,0.0,0.0,0.0,0.0,0.0,1.0,0.0,0.0,0.0,0.0,0.0,0.0,1.0,0.0,1.0,0.0,1.0,0.0,0.0
237,0,0.2096059119258977,-0.7954841195581065,-0.26170829482711705,-0.6812078235693636,-0.7815505393007436,-1.250749811994354,-0.5055511630216389,1,0.8331261993906109,0.8694859389645145,-0.5386581644720629,-0.6885994482798576,0.0,0.0,0.0,0.0,0.0,0.0,0.0,0.0,0.0,0.0,1.0,0.0,0.0,0.0,1.0,0.0,1.0,0.0,1.0,0.0,0.0
238,1,0.2096059119258977,-1.0471855245621104,-1.0982801090608083,-0.6812078235693636,0.9113060342425662,0.4441068173023413,-0.5055511630216389,1,0.18694370546259584,0.05692286756839061,-1.0920751398722233,-0.6885994482798576,0.0,0.0,0.0,0.0,0.0,0.0,0.0,1.0,0.0,0.0,0.0,0.0,0.0,0.0,1.0,0.0,1.0,0.0,1.0,0.0,0.0
239,1,0.2096059119258977,-0.9213348220601079,-1.0982801090608083,-0.6812078235693636,0.9113060342425662,0.4441068173023413,-0.5055511630216389,1,0.18694370546259584,0.05692286756839061,-1.0489517391916905,-0.6885994482798576,0.0,0.0,0.0,0.0,0.0,0.0,0.0,1.0,0.0,0.0,0.0,0.0,0.0,0.0,1.0,0.0,1.0,0.0,1.0,0.0,0.0
240,0,0.2096059119258977,-0.7954841195581065,-0.26170829482711705,-0.6812078235693636,-0.7815505393007436,-1.250749811994354,-0.5055511630216389,1,0.8331261993906109,0.8694859389645145,-0.5386581644720629,-0.6885994482798576,0.0,0.0,0.0,0.0,0.0,0.0,0.0,0.0,0.0,0.0,1.0,0.0,0.0,0.0,1.0,0.0,1.0,0.0,1.0,0.0,0.0
241,1,0.2096059119258977,-1.0471855245621104,-1.0982801090608083,-0.6812078235693636,0.9113060342425662,0.4441068173023413,-0.5055511630216389,1,0.18694370546259584,0.05692286756839061,-1.0920751398722233,-0.6885994482798576,0.0,0.0,0.0,0.0,0.0,0.0,0.0,1.0,0.0,0.0,0.0,0.0,0.0,0.0,1.0,0.0,1.0,0.0,1.0,0.0,0.0
242,1,0.2096059119258977,-0.9213348220601079,-1.0982801090608083,-0.6812078235693636,0.9113060342425662,0.4441068173023413,-0.5055511630216389,1,0.18694370546259584,0.05692286756839061,-1.0489517391916905,-0.6885994482798576,0.0,0.0,0.0,0.0,0.0,0.0,0.0,1.0,0.0,0.0,0.0,0.0,0.0,0.0,1.0,0.0,1.0,0.0,1.0,0.0,0.0
243,0,0.2096059119258977,-0.7954841195581065,-0.26170829482711705,-0.6812078235693636,-0.7815505393007436,-1.250749811994354,-0.5055511630216389,1,0.8331261993906109,0.8694859389645145,-0.5386581644720629,-0.6885994482798576,0.0,0.0,0.0,0.0,0.0,0.0,0.0,0.0,0.0,0.0,1.0,0.0,0.0,0.0,1.0,0.0,1.0,0.0,1.0,0.0,0.0
244,1,0.2096059119258977,-1.0471855245621104,-1.0982801090608083,-0.6812078235693636,0.9113060342425662,0.4441068173023413,-0.5055511630216389,1,0.18694370546259584,0.05692286756839061,-1.0920751398722233,-0.6885994482798576,0.0,0.0,0.0,0.0,0.0,0.0,0.0,1.0,0.0,0.0,0.0,0.0,0.0,0.0,1.0,0.0,1.0,0.0,1.0,0.0,0.0
245,0,0.2096059119258977,-0.7954841195581065,-0.26170829482711705,-0.6812078235693636,-0.7815505393007436,-1.250749811994354,-0.5055511630216389,1,0.8331261993906109,0.8694859389645145,-0.5386581644720629,-0.6885994482798576,0.0,0.0,0.0,0.0,0.0,0.0,0.0,0.0,0.0,0.0,1.0,0.0,0.0,0.0,1.0,0.0,1.0,0.0,1.0,0.0,0.0
246,1,0.2096059119258977,-1.0471855245621104,-1.0982801090608083,-0.6812078235693636,0.9113060342425662,0.4441068173023413,-0.5055511630216389,1,0.18694370546259584,0.05692286756839061,-1.0920751398722233,-0.6885994482798576,0.0,0.0,0.0,0.0,0.0,0.0,0.0,1.0,0.0,0.0,0.0,0.0,0.0,0.0,1.0,0.0,1.0,0.0,1.0,0.0,0.0
247,1,0.2096059119258977,-0.4179320120521012,-0.26170829482711705,-0.6812078235693636,0.9113060342425662,1.896841070985223,-1.1244583151332361,1,0.18694370546259584,0.05692286756839061,-0.38772626209020095,-0.8830782631712752,0.0,0.0,1.0,0.0,0.0,0.0,0.0,0.0,0.0,0.0,0.0,0.0,0.0,0.0,1.0,0.0,1.0,0.0,1.0,0.0,0.0
250,0,0.32505894736078117,-0.4179320120521012,-0.26170829482711705,-1.4022598783286333,0.3470205097281296,-1.250749811994354,-0.5055511630216389,1,0.8331261993906109,0.8694859389645145,-0.38772626209020095,-1.077557078062693,0.0,0.0,0.0,0.0,0.0,0.0,0.0,0.0,0.0,0.0,1.0,0.0,0.0,0.0,1.0,0.0,1.0,0.0,1.0,0.0,0.0
251,0,0.32505894736078117,-0.4179320120521012,-0.26170829482711705,-1.4022598783286333,0.3470205097281296,-1.250749811994354,-0.5055511630216389,1,0.8331261993906109,0.8694859389645145,-0.38772626209020095,-1.077557078062693,0.0,0.0,0.0,0.0,0.0,0.0,0.0,0.0,0.0,0.0,1.0,0.0,0.0,0.0,1.0,0.0,1.0,0.0,1.0,0.0,0.0
252,0,0.32505894736078117,-0.7954841195581065,-0.26170829482711705,-0.6812078235693636,-0.7815505393007436,-1.250749811994354,-0.5055511630216389,1,0.8331261993906109,0.8694859389645145,-0.5386581644720629,-0.6885994482798576,0.0,0.0,0.0,0.0,0.0,0.0,0.0,0.0,0.0,0.0,1.0,0.0,0.0,0.0,1.0,0.0,1.0,0.0,1.0,0.0,0.0
253,0,0.32505894736078117,-0.7954841195581065,-0.26170829482711705,-0.6812078235693636,-0.7815505393007436,-1.250749811994354,-0.5055511630216389,1,0.8331261993906109,0.8694859389645145,-0.5386581644720629,-0.6885994482798576,0.0,0.0,0.0,0.0,0.0,0.0,0.0,0.0,0.0,0.0,1.0,0.0,0.0,0.0,1.0,0.0,1.0,0.0,1.0,0.0,0.0
254,0,0.32505894736078117,-0.7954841195581065,-0.26170829482711705,-0.6812078235693636,-0.7815505393007436,-1.250749811994354,-0.5055511630216389,1,0.8331261993906109,0.8694859389645145,-0.5386581644720629,-0.6885994482798576,0.0,0.0,0.0,0.0,0.0,0.0,0.0,0.0,0.0,0.0,1.0,0.0,0.0,0.0,1.0,0.0,1.0,0.0,1.0,0.0,0.0
255,0,0.32505894736078117,-0.7954841195581065,-0.26170829482711705,-0.6812078235693636,-0.7815505393007436,-1.250749811994354,-0.5055511630216389,1,0.8331261993906109,0.8694859389645145,-0.5386581644720629,-0.6885994482798576,0.0,0.0,0.0,0.0,0.0,0.0,0.0,0.0,0.0,0.0,1.0,0.0,0.0,0.0,1.0,0.0,1.0,0.0,1.0,0.0,0.0
256,0,0.32505894736078117,-0.669633417056105,-0.26170829482711705,-0.6812078235693636,-0.7815505393007436,-1.250749811994354,-0.5055511630216389,1,0.8331261993906109,0.8694859389645145,-0.4883475303447759,-0.6885994482798576,0.0,0.0,0.0,0.0,0.0,0.0,0.0,0.0,0.0,0.0,1.0,0.0,0.0,0.0,1.0,0.0,1.0,0.0,1.0,0.0,0.0
257,0,0.32505894736078117,-0.669633417056105,-0.26170829482711705,-0.6812078235693636,-0.7815505393007436,-1.250749811994354,-0.5055511630216389,1,0.8331261993906109,0.8694859389645145,-0.4883475303447759,-0.6885994482798576,0.0,0.0,0.0,0.0,0.0,0.0,0.0,0.0,0.0,0.0,1.0,0.0,0.0,0.0,1.0,0.0,1.0,0.0,1.0,0.0,0.0
258,0,0.32505894736078117,-0.669633417056105,-0.26170829482711705,-0.6812078235693636,-0.7815505393007436,-1.250749811994354,-0.5055511630216389,1,0.8331261993906109,0.8694859389645145,-0.4883475303447759,-0.6885994482798576,0.0,0.0,0.0,0.0,0.0,0.0,0.0,0.0,0.0,0.0,1.0,0.0,0.0,0.0,1.0,0.0,1.0,0.0,1.0,0.0,0.0
259,0,0.32505894736078117,-0.669633417056105,-0.26170829482711705,-0.6812078235693636,-0.7815505393007436,-1.250749811994354,-0.5055511630216389,1,0.8331261993906109,0.8694859389645145,-0.4883475303447759,-0.6885994482798576,0.0,0.0,0.0,0.0,0.0,0.0,0.0,0.0,0.0,0.0,1.0,0.0,0.0,0.0,1.0,0.0,1.0,0.0,1.0,0.0,0.0
260,0,0.32505894736078117,-0.669633417056105,-0.26170829482711705,-0.6812078235693636,-0.7815505393007436,-1.250749811994354,-0.5055511630216389,1,0.8331261993906109,0.8694859389645145,-0.4883475303447759,-0.6885994482798576,0.0,0.0,0.0,0.0,0.0,0.0,0.0,0.0,0.0,0.0,1.0,0.0,0.0,0.0,1.0,0.0,1.0,0.0,1.0,0.0,0.0
264,1,0.6714180536654315,0.211321500457908,-0.26170829482711705,0.2801949161096627,-0.217265014786307,3.107452949054291,-2.052819043300632,1,1.7377816908898323,1.194511167522964,-0.13617309145376458,-0.8722738845661965,0.0,1.0,0.0,0.0,0.0,0.0,0.0,0.0,0.0,0.0,0.0,0.0,0.0,1.0,0.0,0.0,1.0,0.0,1.0,0.0,0.0
266,1,0.6714180536654315,0.211321500457908,-0.26170829482711705,0.2801949161096627,-0.217265014786307,3.107452949054291,-2.052819043300632,1,1.7377816908898323,1.194511167522964,-0.13617309145376458,-0.8722738845661965,0.0,1.0,0.0,0.0,0.0,0.0,0.0,0.0,0.0,0.0,0.0,0.0,0.0,1.0,0.0,0.0,1.0,0.0,1.0,0.0,0.0
278,0,0.9023241245351984,-1.2988869295661143,-1.0982801090608083,1.4819483407084455,1.4755915587570028,1.1704739441437821,1.9700774454247496,1,1.4793086933186261,1.6820490103606385,-1.1783219412332873,2.0341039601999897,0.0,0.0,0.0,0.0,0.0,1.0,0.0,0.0,0.0,0.0,0.0,0.0,0.0,0.0,1.0,0.0,1.0,0.0,1.0,0.0,0.0
306,0,1.1332301954049653,-0.7954841195581065,-0.26170829482711705,-0.6812078235693636,0.9113060342425662,0.4441068173023413,-0.5055511630216389,1,0.18694370546259584,0.05692286756839061,-0.5386581644720629,-0.6885994482798576,1.0,0.0,0.0,0.0,0.0,0.0,0.0,0.0,0.0,0.0,0.0,0.0,0.0,0.0,1.0,0.0,1.0,0.0,1.0,0.0,0.0
307,0,1.1332301954049653,-0.7954841195581065,-0.26170829482711705,-0.6812078235693636,0.9113060342425662,0.4441068173023413,-0.5055511630216389,1,0.18694370546259584,0.05692286756839061,-0.5386581644720629,-0.6885994482798576,1.0,0.0,0.0,0.0,0.0,0.0,0.0,0.0,0.0,0.0,0.0,0.0,0.0,0.0,1.0,0.0,1.0,0.0,1.0,0.0,0.0
308,0,1.1332301954049653,-0.669633417056105,-0.26170829482711705,-0.6812078235693636,0.9113060342425662,0.4441068173023413,-0.5055511630216389,1,0.18694370546259584,0.05692286756839061,-0.4883475303447759,-0.6885994482798576,1.0,0.0,0.0,0.0,0.0,0.0,0.0,0.0,0.0,0.0,0.0,0.0,0.0,0.0,1.0,0.0,1.0,0.0,1.0,0.0,0.0
309,0,1.1332301954049653,-0.669633417056105,-0.26170829482711705,-0.6812078235693636,0.9113060342425662,0.4441068173023413,-0.5055511630216389,1,0.18694370546259584,0.05692286756839061,-0.4883475303447759,-0.6885994482798576,1.0,0.0,0.0,0.0,0.0,0.0,0.0,0.0,0.0,0.0,0.0,0.0,0.0,0.0,1.0,0.0,1.0,0.0,1.0,0.0,0.0
310,0,1.1332301954049653,-0.669633417056105,-0.26170829482711705,-0.6812078235693636,0.9113060342425662,0.4441068173023413,-0.5055511630216389,1,0.18694370546259584,0.05692286756839061,-0.4883475303447759,-0.6885994482798576,1.0,0.0,0.0,0.0,0.0,0.0,0.0,0.0,0.0,0.0,0.0,0.0,0.0,0.0,1.0,0.0,1.0,0.0,1.0,0.0,0.0
311,0,1.1332301954049653,-0.669633417056105,-0.26170829482711705,-0.6812078235693636,0.9113060342425662,0.4441068173023413,-0.5055511630216389,1,0.18694370546259584,0.05692286756839061,-0.4883475303447759,-0.6885994482798576,1.0,0.0,0.0,0.0,0.0,0.0,0.0,0.0,0.0,0.0,0.0,0.0,0.0,0.0,1.0,0.0,1.0,0.0,1.0,0.0,0.0
315,0,1.2486832308398488,1.4698285254779275,1.4114353336402654,-1.4022598783286333,-1.34583606381518,-1.250749811994354,-1.1244583151332361,1,-0.4592387884654193,-0.7556402038277333,1.5600140019804924,-1.207209621323638,0.0,0.0,1.0,0.0,0.0,0.0,0.0,0.0,0.0,0.0,0.0,1.0,0.0,0.0,0.0,0.0,1.0,0.0,1.0,0.0,0.0
