,GENDER,AGE,SLEEP DURATION,QUALITY OF SLEEP,PHYSICAL ACTIVITY LEVEL,STRESS LEVEL,HEART RATE,DAILY STEPS,SLEEP DISORDER,SYSTOLIC,DIASTOLIC,SLEEP QUALITY SCORE,ACTIVITY SCORE,OCCUPATION_Accountant,OCCUPATION_Doctor,OCCUPATION_Engineer,OCCUPATION_Lawyer,OCCUPATION_Manager,OCCUPATION_Nurse,OCCUPATION_Sales Representative,OCCUPATION_Salesperson,OCCUPATION_Scientist,OCCUPATION_Software Engineer,OCCUPATION_Teacher,BMI CATEGORY_Normal,BMI CATEGORY_Normal Weight,BMI CATEGORY_Obese,BMI CATEGORY_Overweight,BLOOD PRESSURE CATEGORY_Elevated,BLOOD PRESSURE CATEGORY_High Blood Pressure ,BLOOD PRESSURE CATEGORY_Normal,NEW_AGE_CAT_middleage,NEW_AGE_CAT_old,NEW_AGE_CAT_young
55,0,-0.35633398107029923,0.022558789827022883,0.6711521990923164,0.07876259617268344,-0.8869873713411103,-0.6608899034420711,0.20579916262137232,0,-1.714176440823606,-1.5825339506127125,0.37694879028939143,0.02800268395735127,1.0,0.0,0.0,0.0,0.0,0.0,0.0,0.0,0.0,0.0,0.0,1.0,0.0,0.0,0.0,0.0,0.0,1.0,1.0,0.0,0.0
12,1,-1.2674445961071912,0.799365813435845,-0.11984860698077066,0.8143755226911407,0.2665331509941266,-0.2484196090952464,0.7741148418268358,0,-1.0728179085426655,-0.752929179044491,0.1706937918291584,0.8032809067803152,0.0,1.0,0.0,0.0,0.0,0.0,0.0,0.0,0.0,0.0,0.0,1.0,0.0,0.0,0.0,0.0,1.0,0.0,0.0,0.0,1.0
78,1,0.21311015332775826,-0.23637688470925,-0.9108494130538576,-0.5587686068099794,0.843293412161745,-0.45465475626865876,0.09213602678027961,0,-1.4576330279112297,-1.4166129962990683,-0.7183363739477082,-0.4044302803283464,0.0,0.0,1.0,0.0,0.0,0.0,0.0,0.0,0.0,0.0,0.0,0.0,1.0,0.0,0.0,0.0,0.0,1.0,1.0,0.0,0.0
123,0,1.8075537296423192,1.3172371625083918,1.4621530051654033,0.8143755226911407,-1.4637476325087286,-0.6608899034420711,0.20579916262137232,0,1.4926162205810967,1.7358851356601737,1.5220196438099958,0.4802483139374136,0.0,0.0,0.0,0.0,0.0,1.0,0.0,0.0,0.0,0.0,0.0,0.0,0.0,0.0,1.0,0.0,1.0,0.0,0.0,1.0,0.0
95,0,0.4408878070869813,-0.23637688470925,-0.11984860698077066,-0.16644171266680227,-0.31022711017349186,0.7827561267718153,-0.6466743561868229,0,-0.4314593762617249,-0.42108727041720234,-0.22759172243887768,-0.47808171149652795,0.0,0.0,0.0,0.0,1.0,0.0,0.0,0.0,0.0,0.0,0.0,0.0,0.0,0.0,1.0,0.0,1.0,0.0,1.0,0.0,0.0
52,0,-0.4702228079499107,0.5404301388995709,0.6711521990923164,0.07876259617268344,-0.8869873713411103,-0.2484196090952464,0.7741148418268358,0,-1.0728179085426655,-0.752929179044491,0.6045405127282696,0.2864287582316726,0.0,0.0,0.0,0.0,0.0,1.0,0.0,0.0,0.0,0.0,0.0,0.0,1.0,0.0,0.0,0.0,1.0,0.0,1.0,0.0,0.0
27,1,-1.0396669423479683,-1.1426517455862086,-0.9108494130538576,-1.392463256864231,1.4200536733293634,0.16405068525157826,-0.9308321957895547,0,-0.4314593762617249,-0.752929179044491,-1.0170505096487357,-1.1349146502770946,0.0,1.0,0.0,0.0,0.0,0.0,0.0,0.0,0.0,0.0,0.0,1.0,0.0,0.0,0.0,0.0,1.0,0.0,0.0,0.0,1.0
42,0,-0.5841116348295222,0.022558789827022883,0.6711521990923164,0.07876259617268344,-0.8869873713411103,-0.6608899034420711,0.20579916262137232,0,-1.714176440823606,-1.5825339506127125,0.37694879028939143,0.02800268395735127,1.0,0.0,0.0,0.0,0.0,0.0,0.0,0.0,0.0,0.0,0.0,1.0,0.0,0.0,0.0,0.0,0.0,1.0,1.0,0.0,0.0
62,1,-0.2424451541906877,0.1520266270951605,0.6711521990923164,0.07876259617268344,-0.31022711017349186,-0.6608899034420711,0.7741148418268358,0,0.20989915601921558,0.07667559252373057,0.43384672089911125,0.2864287582316726,0.0,0.0,0.0,1.0,0.0,0.0,0.0,0.0,0.0,0.0,0.0,1.0,0.0,0.0,0.0,0.0,1.0,0.0,1.0,0.0,0.0
105,0,1.0103319414850387,-1.4015874201224825,-0.9108494130538576,1.5499884492095979,1.4200536733293634,0.7827561267718153,1.9107462002377626,0,1.4926162205810967,1.7358851356601737,-1.1023974055633152,2.095411278151922,0.0,0.0,0.0,0.0,0.0,1.0,0.0,0.0,0.0,0.0,0.0,0.0,0.0,0.0,1.0,0.0,1.0,0.0,1.0,0.0,0.0
1,1,-1.4952222498664143,-1.1426517455862086,-0.9108494130538576,0.07876259617268344,1.4200536733293634,0.7827561267718153,1.9107462002377626,0,-0.4314593762617249,-0.752929179044491,-1.0170505096487357,0.8032809067803152,0.0,1.0,0.0,0.0,0.0,0.0,0.0,0.0,0.0,0.0,0.0,1.0,0.0,0.0,0.0,0.0,1.0,0.0,0.0,0.0,1.0
38,1,-0.6980004617091337,0.5404301388995709,0.6711521990923164,0.07876259617268344,-0.31022711017349186,-0.2484196090952464,0.7741148418268358,0,-1.0728179085426655,-0.752929179044491,0.6045405127282696,0.2864287582316726,0.0,0.0,0.0,0.0,0.0,0.0,0.0,0.0,0.0,1.0,0.0,0.0,1.0,0.0,0.0,0.0,1.0,0.0,1.0,0.0,0.0
18,1,-1.1535557692275797,-1.2721195828543461,-0.9108494130538576,-1.392463256864231,1.4200536733293634,0.16405068525157826,-0.9308321957895547,0,-0.4314593762617249,-0.752929179044491,-1.059723957606026,-1.1349146502770946,0.0,1.0,0.0,0.0,0.0,0.0,0.0,0.0,0.0,0.0,0.0,1.0,0.0,0.0,0.0,0.0,1.0,0.0,0.0,0.0,1.0
30,0,-0.9257781154683568,-1.1426517455862086,-0.9108494130538576,-0.41164602150628804,0.2665331509941266,0.9889912739452276,-0.6466743561868229,0,-0.04664425689316064,0.07667559252373057,-1.0170505096487357,-0.5965269955389252,0.0,0.0,0.0,0.0,0.0,0.0,0.0,0.0,1.0,0.0,0.0,0.0,0.0,0.0,1.0,0.0,1.0,0.0,0.0,0.0,1.0
71,1,0.09922132644814677,0.9288336507039814,0.6711521990923164,1.5499884492095979,-0.31022711017349186,-0.2484196090952464,0.7741148418268358,0,0.20989915601921558,0.07667559252373057,0.775234304557428,1.3201330553289579,0.0,0.0,0.0,1.0,0.0,0.0,0.0,0.0,0.0,0.0,0.0,1.0,0.0,0.0,0.0,0.0,1.0,0.0,1.0,0.0,0.0
109,0,1.1242207683646503,0.022558789827022883,-0.11984860698077066,-0.16644171266680227,0.2665331509941266,0.16405068525157826,-0.3625165165840912,0,-0.4314593762617249,-0.42108727041720234,-0.12802034387186917,-0.3596364274541307,0.0,0.0,0.0,0.0,0.0,1.0,0.0,0.0,0.0,0.0,0.0,0.0,1.0,0.0,0.0,0.0,1.0,0.0,1.0,0.0,0.0
98,0,0.8964431146054272,-1.1426517455862086,-0.9108494130538576,1.5499884492095979,1.4200536733293634,0.7827561267718153,1.9107462002377626,0,1.4926162205810967,1.7358851356601737,-1.0170505096487357,2.095411278151922,0.0,0.0,0.0,0.0,0.0,1.0,0.0,0.0,0.0,0.0,0.0,0.0,0.0,0.0,1.0,0.0,1.0,0.0,1.0,0.0,0.0
11,1,-1.2674445961071912,0.6698979761677074,-0.11984860698077066,0.8143755226911407,0.2665331509941266,-0.2484196090952464,0.7741148418268358,0,-1.0728179085426655,-0.752929179044491,0.12090810254565362,0.8032809067803152,0.0,1.0,0.0,0.0,0.0,0.0,0.0,0.0,0.0,0.0,0.0,1.0,0.0,0.0,0.0,0.0,1.0,0.0,0.0,0.0,1.0
34,1,-0.6980004617091337,-0.49531255924552403,-0.11984860698077066,-0.9020546391852595,-0.31022711017349186,-0.2484196090952464,-0.5898427882662766,0,-0.04664425689316064,-0.08924536178991374,-0.3271631010058872,-0.8161891586720983,0.0,0.0,0.0,0.0,0.0,0.0,0.0,0.0,0.0,0.0,1.0,0.0,0.0,0.0,1.0,0.0,1.0,0.0,1.0,0.0,0.0
41,0,-0.5841116348295222,0.1520266270951605,0.6711521990923164,0.07876259617268344,-0.8869873713411103,-0.6608899034420711,0.20579916262137232,0,-1.714176440823606,-1.5825339506127125,0.43384672089911125,0.02800268395735127,1.0,0.0,0.0,0.0,0.0,0.0,0.0,0.0,0.0,0.0,0.0,1.0,0.0,0.0,0.0,0.0,0.0,1.0,1.0,0.0,0.0
89,1,0.3269989802073698,-0.8837160710499345,-0.9108494130538576,-0.6568503303457738,0.843293412161745,0.16405068525157826,-0.3625165165840912,0,0.20989915601921558,0.07667559252373057,-0.9317036137341563,-0.618062501728452,0.0,0.0,0.0,0.0,0.0,0.0,0.0,1.0,0.0,0.0,0.0,0.0,0.0,0.0,1.0,0.0,1.0,0.0,1.0,0.0,0.0
120,0,1.4658872490034847,1.83510851158094,1.4621530051654033,-1.392463256864231,-1.4637476325087286,-1.279595344962308,-0.9308321957895547,0,-0.4314593762617249,-0.752929179044491,1.7780603315537342,-1.1349146502770946,0.0,0.0,1.0,0.0,0.0,0.0,0.0,0.0,0.0,0.0,0.0,1.0,0.0,0.0,0.0,0.0,1.0,0.0,1.0,0.0,0.0
35,0,-0.6980004617091337,0.1520266270951605,0.6711521990923164,0.07876259617268344,-0.8869873713411103,-0.6608899034420711,0.20579916262137232,0,-1.714176440823606,-1.5825339506127125,0.43384672089911125,0.02800268395735127,1.0,0.0,0.0,0.0,0.0,0.0,0.0,0.0,0.0,0.0,0.0,1.0,0.0,0.0,0.0,0.0,0.0,1.0,1.0,0.0,0.0
63,0,-0.12855632731107622,0.1520266270951605,0.6711521990923164,-0.16644171266680227,0.2665331509941266,0.3702858324249906,0.3762938663830114,0,-1.2010896149988535,-1.250692041985424,0.43384672089911125,-0.0516786889438978,1.0,0.0,0.0,0.0,0.0,0.0,0.0,0.0,0.0,0.0,0.0,0.0,1.0,0.0,0.0,0.0,0.0,1.0,1.0,0.0,0.0
108,0,1.1242207683646503,1.83510851158094,1.4621530051654033,-1.392463256864231,-1.4637476325087286,-1.279595344962308,-0.9308321957895547,0,-0.4314593762617249,-0.752929179044491,1.7780603315537342,-1.1349146502770946,0.0,0.0,1.0,0.0,0.0,0.0,0.0,0.0,0.0,0.0,0.0,1.0,0.0,0.0,0.0,0.0,1.0,0.0,1.0,0.0,0.0
119,0,1.4658872490034847,1.7056406743128034,1.4621530051654033,-1.392463256864231,-1.4637476325087286,-1.279595344962308,-0.9308321957895547,0,-0.4314593762617249,-0.752929179044491,1.7140501596178004,-1.1349146502770946,0.0,0.0,1.0,0.0,0.0,0.0,0.0,0.0,0.0,0.0,0.0,1.0,0.0,0.0,0.0,0.0,1.0,0.0,1.0,0.0,0.0
14,1,-1.2674445961071912,1.058301487972119,-0.11984860698077066,0.8143755226911407,0.2665331509941266,-0.2484196090952464,0.7741148418268358,0,-1.0728179085426655,-0.752929179044491,0.2702651703961679,0.8032809067803152,0.0,1.0,0.0,0.0,0.0,0.0,0.0,0.0,0.0,0.0,0.0,1.0,0.0,0.0,0.0,0.0,1.0,0.0,0.0,0.0,1.0
23,1,-1.0396669423479683,0.5404301388995709,0.6711521990923164,-0.6568503303457738,-1.4637476325087286,-0.2484196090952464,0.7741148418268358,0,-1.0728179085426655,-0.752929179044491,0.6045405127282696,-0.23042339031697004,0.0,0.0,1.0,0.0,0.0,0.0,0.0,0.0,0.0,0.0,0.0,1.0,0.0,0.0,0.0,0.0,1.0,0.0,0.0,0.0,1.0
48,0,-0.4702228079499107,-1.2721195828543461,-0.9108494130538576,-0.8039729156494652,0.2665331509941266,1.1952264211186399,-1.3854847391539253,0,-0.30318766980553685,-0.25516631610355806,-1.059723957606026,-1.0212071775963933,0.0,0.0,0.0,0.0,0.0,1.0,0.0,0.0,0.0,0.0,0.0,0.0,0.0,0.0,1.0,0.0,1.0,0.0,1.0,0.0,0.0
5,1,-1.3813334229868026,0.9288336507039814,-0.11984860698077066,0.8143755226911407,0.2665331509941266,-0.2484196090952464,0.7741148418268358,0,-1.0728179085426655,-0.752929179044491,0.22047948111266313,0.8032809067803152,0.0,1.0,0.0,0.0,0.0,0.0,0.0,0.0,0.0,0.0,0.0,1.0,0.0,0.0,0.0,0.0,1.0,0.0,0.0,0.0,1.0
102,1,0.8964431146054272,1.3172371625083918,1.4621530051654033,1.3047841403701121,-1.4637476325087286,3.0513427456793507,-1.6696425787566571,2,1.3643445141249084,1.0722013184055965,1.5220196438099958,-0.4263964966416637,0.0,1.0,0.0,0.0,0.0,0.0,0.0,0.0,0.0,0.0,0.0,0.0,0.0,1.0,0.0,0.0,1.0,0.0,1.0,0.0,0.0
100,0,0.8964431146054272,-1.2721195828543461,-0.9108494130538576,1.5499884492095979,1.4200536733293634,0.7827561267718153,1.9107462002377626,2,1.4926162205810967,1.7358851356601737,-1.059723957606026,2.095411278151922,0.0,0.0,0.0,0.0,0.0,1.0,0.0,0.0,0.0,0.0,0.0,0.0,0.0,0.0,1.0,0.0,1.0,0.0,1.0,0.0,0.0
124,0,1.8075537296423192,1.4467049997765282,1.4621530051654033,0.8143755226911407,-1.4637476325087286,-0.6608899034420711,0.20579916262137232,2,1.4926162205810967,1.7358851356601737,1.5860298157459307,0.4802483139374136,0.0,0.0,0.0,0.0,0.0,1.0,0.0,0.0,0.0,0.0,0.0,0.0,0.0,0.0,1.0,0.0,1.0,0.0,0.0,1.0,0.0
82,1,0.21311015332775826,0.9288336507039814,0.6711521990923164,1.5499884492095979,-0.31022711017349186,-0.2484196090952464,0.7741148418268358,2,0.20989915601921558,0.07667559252373057,0.775234304557428,1.3201330553289579,0.0,0.0,1.0,0.0,0.0,0.0,0.0,0.0,0.0,0.0,0.0,1.0,0.0,0.0,0.0,0.0,1.0,0.0,1.0,0.0,0.0
56,1,-0.35633398107029923,0.022558789827022883,0.6711521990923164,0.07876259617268344,-0.31022711017349186,-0.6608899034420711,0.7741148418268358,2,0.20989915601921558,0.07667559252373057,0.37694879028939143,0.2864287582316726,0.0,0.0,0.0,1.0,0.0,0.0,0.0,0.0,0.0,0.0,0.0,1.0,0.0,0.0,0.0,0.0,1.0,0.0,1.0,0.0,0.0
101,0,0.8964431146054272,-1.1426517455862086,-0.9108494130538576,1.5499884492095979,1.4200536733293634,0.7827561267718153,1.9107462002377626,2,1.4926162205810967,1.7358851356601737,-1.0170505096487357,2.095411278151922,0.0,0.0,0.0,0.0,0.0,1.0,0.0,0.0,0.0,0.0,0.0,0.0,0.0,0.0,1.0,0.0,1.0,0.0,1.0,0.0,0.0
57,0,-0.35633398107029923,0.4109623016314345,-0.11984860698077066,0.07876259617268344,-0.31022711017349186,2.638872451332526,-1.8969688504388424,2,0.851257688300156,0.5744384554646635,0.021336723978645115,-0.9281737908576376,0.0,0.0,0.0,1.0,0.0,0.0,0.0,0.0,0.0,0.0,0.0,0.0,0.0,1.0,0.0,0.0,1.0,0.0,1.0,0.0,0.0
8,0,-1.3813334229868026,-0.7542482337817981,-1.7018502191269447,-0.9020546391852595,0.843293412161745,1.813931862638877,-1.499147874995018,2,0.46644256893159175,0.4085175011510192,-1.351325851980838,-1.0918436378980412,0.0,0.0,0.0,0.0,0.0,1.0,0.0,0.0,0.0,0.0,0.0,0.0,1.0,0.0,0.0,0.0,1.0,0.0,0.0,0.0,1.0
131,0,2.0353313834015423,1.3172371625083918,1.4621530051654033,0.8143755226911407,-1.4637476325087286,-0.6608899034420711,0.20579916262137232,2,1.4926162205810967,1.7358851356601737,1.5220196438099958,0.4802483139374136,0.0,0.0,0.0,0.0,0.0,1.0,0.0,0.0,0.0,0.0,0.0,0.0,0.0,0.0,1.0,0.0,1.0,0.0,0.0,1.0,0.0
96,0,0.7825542877258157,-1.531055257390619,-0.9108494130538576,1.5499884492095979,1.4200536733293634,0.7827561267718153,1.9107462002377626,2,1.4926162205810967,1.7358851356601737,-1.1450708535206044,2.095411278151922,0.0,0.0,0.0,0.0,0.0,1.0,0.0,0.0,0.0,0.0,0.0,0.0,0.0,0.0,1.0,0.0,1.0,0.0,1.0,0.0,0.0
39,1,-0.6980004617091337,0.4109623016314345,-0.11984860698077066,0.07876259617268344,-0.31022711017349186,2.638872451332526,-1.8969688504388424,2,0.851257688300156,0.5744384554646635,0.021336723978645115,-0.9281737908576376,0.0,0.0,0.0,1.0,0.0,0.0,0.0,0.0,0.0,0.0,0.0,0.0,0.0,1.0,0.0,0.0,1.0,0.0,1.0,0.0,0.0
121,0,1.5797760758830963,1.3172371625083918,1.4621530051654033,0.8143755226911407,-0.8869873713411103,0.16405068525157826,-0.9308321957895547,2,1.4926162205810967,1.7358851356601737,1.5220196438099958,-0.16581687174838972,0.0,0.0,0.0,0.0,0.0,1.0,0.0,0.0,0.0,0.0,0.0,0.0,0.0,0.0,1.0,0.0,1.0,0.0,1.0,0.0,0.0
46,0,-0.5841116348295222,0.1520266270951605,0.6711521990923164,0.07876259617268344,-0.8869873713411103,-0.6608899034420711,0.20579916262137232,2,-1.714176440823606,-1.5825339506127125,0.43384672089911125,0.02800268395735127,0.0,0.0,0.0,0.0,0.0,0.0,0.0,0.0,0.0,0.0,1.0,1.0,0.0,0.0,0.0,0.0,0.0,1.0,1.0,0.0,0.0
129,0,2.0353313834015423,1.4467049997765282,1.4621530051654033,0.8143755226911407,-1.4637476325087286,-0.6608899034420711,0.20579916262137232,2,1.4926162205810967,1.7358851356601737,1.5860298157459307,0.4802483139374136,0.0,0.0,0.0,0.0,0.0,1.0,0.0,0.0,0.0,0.0,0.0,0.0,0.0,0.0,1.0,0.0,1.0,0.0,0.0,1.0,0.0
130,0,2.0353313834015423,1.1877693252402555,1.4621530051654033,0.8143755226911407,-1.4637476325087286,-0.6608899034420711,0.20579916262137232,2,1.4926162205810967,1.7358851356601737,1.458009471874062,0.4802483139374136,0.0,0.0,0.0,0.0,0.0,1.0,0.0,0.0,0.0,0.0,0.0,0.0,0.0,0.0,1.0,0.0,1.0,0.0,0.0,1.0,0.0
9,1,-1.3813334229868026,-1.4015874201224825,-0.9108494130538576,-1.392463256864231,1.4200536733293634,-0.2484196090952464,0.7741148418268358,2,-1.0728179085426655,-0.752929179044491,-1.1023974055633152,-0.7472755388656127,0.0,1.0,0.0,0.0,0.0,0.0,0.0,0.0,0.0,0.0,0.0,1.0,0.0,0.0,0.0,0.0,1.0,0.0,0.0,0.0,1.0
126,0,1.9214425565219306,1.1877693252402555,1.4621530051654033,0.8143755226911407,-1.4637476325087286,-0.6608899034420711,0.20579916262137232,2,1.4926162205810967,1.7358851356601737,1.458009471874062,0.4802483139374136,0.0,0.0,0.0,0.0,0.0,1.0,0.0,0.0,0.0,0.0,0.0,0.0,0.0,0.0,1.0,0.0,1.0,0.0,0.0,1.0,0.0
110,0,1.1242207683646503,-1.4015874201224825,-0.9108494130538576,1.5499884492095979,1.4200536733293634,0.7827561267718153,1.9107462002377626,2,1.4926162205810967,1.7358851356601737,-1.1023974055633152,2.095411278151922,0.0,0.0,0.0,0.0,0.0,1.0,0.0,0.0,0.0,0.0,0.0,0.0,0.0,0.0,1.0,0.0,1.0,0.0,1.0,0.0,0.0
45,1,-0.5841116348295222,-0.6247803965136616,-1.7018502191269447,-1.1472589480247453,0.843293412161745,0.5765209795984029,-1.0444953316306473,2,0.08162744956302746,-0.08924536178991374,-1.3157646453497633,-1.0573868279947982,0.0,0.0,0.0,0.0,0.0,0.0,0.0,0.0,0.0,0.0,1.0,0.0,0.0,0.0,1.0,0.0,1.0,0.0,1.0,0.0,0.0
99,0,0.8964431146054272,-1.4015874201224825,-0.9108494130538576,1.5499884492095979,1.4200536733293634,0.7827561267718153,1.9107462002377626,2,1.4926162205810967,1.7358851356601737,-1.1023974055633152,2.095411278151922,0.0,0.0,0.0,0.0,0.0,1.0,0.0,0.0,0.0,0.0,0.0,0.0,0.0,0.0,1.0,0.0,1.0,0.0,1.0,0.0,0.0
33,0,-0.8118892885887452,-1.6605230946587566,-2.4928510252000318,-1.2943815333284365,1.4200536733293634,2.020167009812289,-0.8171690599484619,2,0.3381708624754037,0.2425965468373749,-2.012764295318827,-1.0642781899754468,0.0,0.0,0.0,0.0,0.0,0.0,0.0,0.0,1.0,0.0,0.0,0.0,0.0,0.0,1.0,0.0,1.0,0.0,0.0,0.0,1.0
107,0,1.0103319414850387,-1.2721195828543461,-0.9108494130538576,1.5499884492095979,1.4200536733293634,0.7827561267718153,1.9107462002377626,2,1.4926162205810967,1.7358851356601737,-1.059723957606026,2.095411278151922,0.0,0.0,0.0,0.0,0.0,1.0,0.0,0.0,0.0,0.0,0.0,0.0,0.0,0.0,1.0,0.0,1.0,0.0,1.0,0.0,0.0
125,0,1.8075537296423192,1.3172371625083918,1.4621530051654033,0.8143755226911407,-1.4637476325087286,-0.6608899034420711,0.20579916262137232,2,1.4926162205810967,1.7358851356601737,1.5220196438099958,0.4802483139374136,0.0,0.0,0.0,0.0,0.0,1.0,0.0,0.0,0.0,0.0,0.0,0.0,0.0,0.0,1.0,0.0,1.0,0.0,0.0,1.0,0.0
83,1,0.21311015332775826,-0.7542482337817981,-0.9108494130538576,-0.6568503303457738,0.843293412161745,0.16405068525157826,-0.3625165165840912,2,0.20989915601921558,0.07667559252373057,-0.8890301657768671,-0.618062501728452,0.0,0.0,0.0,0.0,0.0,0.0,0.0,1.0,0.0,0.0,0.0,0.0,0.0,0.0,1.0,0.0,1.0,0.0,1.0,0.0,0.0
72,0,0.09922132644814677,-0.3658447219773876,-0.9108494130538576,-0.6568503303457738,0.843293412161745,1.4014615682920522,-0.9308321957895547,2,0.20989915601921558,0.07667559252373057,-0.7610098219049984,-0.811882057434193,0.0,0.0,0.0,0.0,0.0,0.0,0.0,0.0,0.0,0.0,1.0,0.0,0.0,0.0,1.0,0.0,1.0,0.0,1.0,0.0,0.0
2,1,-1.4952222498664143,-1.531055257390619,-2.4928510252000318,-1.392463256864231,1.4200536733293634,2.8451075985059386,-2.0674635542004816,2,1.4926162205810967,0.9062803640919521,-1.9843153300139673,-1.393340724551416,0.0,0.0,0.0,0.0,0.0,0.0,1.0,0.0,0.0,0.0,0.0,0.0,0.0,1.0,0.0,0.0,1.0,0.0,0.0,0.0,1.0
106,0,1.0103319414850387,-1.4015874201224825,-0.9108494130538576,1.5499884492095979,1.4200536733293634,0.7827561267718153,1.9107462002377626,2,1.4926162205810967,1.7358851356601737,-1.1023974055633152,2.095411278151922,0.0,0.0,0.0,0.0,0.0,1.0,0.0,0.0,0.0,0.0,0.0,0.0,0.0,0.0,1.0,0.0,1.0,0.0,1.0,0.0,0.0
15,0,-1.2674445961071912,-0.8837160710499345,-1.7018502191269447,-1.1472589480247453,0.843293412161745,1.4014615682920522,-1.4423163070744718,2,0.20989915601921558,0.2425965468373749,-1.3868870586119126,-1.1629108083234794,0.0,0.0,0.0,0.0,0.0,1.0,0.0,0.0,0.0,0.0,0.0,0.0,1.0,0.0,0.0,0.0,1.0,0.0,0.0,0.0,1.0
111,0,1.1242207683646503,-1.2721195828543461,-0.9108494130538576,1.5499884492095979,1.4200536733293634,0.7827561267718153,1.9107462002377626,2,1.4926162205810967,1.7358851356601737,-1.059723957606026,2.095411278151922,0.0,0.0,0.0,0.0,0.0,1.0,0.0,0.0,0.0,0.0,0.0,0.0,0.0,0.0,1.0,0.0,1.0,0.0,1.0,0.0,0.0
22,1,-1.1535557692275797,0.799365813435845,-0.11984860698077066,0.8143755226911407,0.2665331509941266,-0.2484196090952464,0.7741148418268358,2,-1.0728179085426655,-0.752929179044491,0.1706937918291584,0.8032809067803152,0.0,1.0,0.0,0.0,0.0,0.0,0.0,0.0,0.0,0.0,0.0,1.0,0.0,0.0,0.0,0.0,1.0,0.0,0.0,0.0,1.0
3,1,-1.4952222498664143,-1.531055257390619,-2.4928510252000318,-1.392463256864231,1.4200536733293634,2.8451075985059386,-2.0674635542004816,1,1.4926162205810967,0.9062803640919521,-1.9843153300139673,-1.393340724551416,0.0,0.0,0.0,0.0,0.0,0.0,0.0,0.0,0.0,1.0,0.0,0.0,0.0,1.0,0.0,0.0,1.0,0.0,0.0,0.0,1.0
4,1,-1.3813334229868026,-1.013183908318072,-0.9108494130538576,-0.9020546391852595,0.843293412161745,2.2264021569857015,-1.7833057145977498,1,1.4926162205810967,0.9062803640919521,-0.9743770616914466,-1.1779856626561482,0.0,0.0,0.0,0.0,0.0,0.0,0.0,0.0,0.0,0.0,1.0,0.0,0.0,1.0,0.0,0.0,1.0,0.0,0.0,0.0,1.0
10,0,-1.3813334229868026,-0.7542482337817981,-1.7018502191269447,-0.9020546391852595,0.843293412161745,1.813931862638877,-1.499147874995018,1,0.46644256893159175,0.4085175011510192,-1.351325851980838,-1.0918436378980412,0.0,0.0,0.0,0.0,0.0,1.0,0.0,0.0,0.0,0.0,0.0,0.0,1.0,0.0,0.0,0.0,1.0,0.0,0.0,0.0,1.0
16,0,-1.2674445961071912,-0.8837160710499345,-1.7018502191269447,-1.1472589480247453,0.843293412161745,1.4014615682920522,-1.4423163070744718,1,0.20989915601921558,0.2425965468373749,-1.3868870586119126,-1.1629108083234794,0.0,0.0,0.0,0.0,0.0,1.0,0.0,0.0,0.0,0.0,0.0,0.0,1.0,0.0,0.0,0.0,1.0,0.0,0.0,0.0,1.0
29,1,-0.9257781154683568,-1.4015874201224825,-0.9108494130538576,-1.392463256864231,1.4200536733293634,0.16405068525157826,-0.9308321957895547,1,-0.4314593762617249,-0.752929179044491,-1.1023974055633152,-1.1349146502770946,0.0,1.0,0.0,0.0,0.0,0.0,0.0,0.0,0.0,0.0,0.0,1.0,0.0,0.0,0.0,0.0,1.0,0.0,0.0,0.0,1.0
40,0,-0.5841116348295222,0.1520266270951605,0.6711521990923164,0.07876259617268344,-0.8869873713411103,-0.6608899034420711,0.20579916262137232,1,-1.714176440823606,-1.5825339506127125,0.43384672089911125,0.02800268395735127,1.0,0.0,0.0,0.0,0.0,0.0,0.0,0.0,0.0,0.0,0.0,1.0,0.0,0.0,0.0,0.0,0.0,1.0,1.0,0.0,0.0
47,1,-0.5841116348295222,-0.6247803965136616,-1.7018502191269447,-1.1472589480247453,0.843293412161745,0.5765209795984029,-1.0444953316306473,1,0.08162744956302746,-0.08924536178991374,-1.3157646453497633,-1.0573868279947982,0.0,0.0,0.0,0.0,0.0,0.0,0.0,0.0,0.0,0.0,1.0,0.0,0.0,0.0,1.0,0.0,1.0,0.0,1.0,0.0,0.0
58,1,-0.2424451541906877,0.1520266270951605,0.6711521990923164,0.07876259617268344,-0.31022711017349186,-0.6608899034420711,0.7741148418268358,1,0.20989915601921558,0.07667559252373057,0.43384672089911125,0.2864287582316726,0.0,0.0,0.0,1.0,0.0,0.0,0.0,0.0,0.0,0.0,0.0,1.0,0.0,0.0,0.0,0.0,1.0,0.0,1.0,0.0,0.0
59,1,-0.2424451541906877,-0.7542482337817981,-1.7018502191269447,-0.9020546391852595,0.843293412161745,1.813931862638877,-1.499147874995018,1,0.46644256893159175,0.4085175011510192,-1.351325851980838,-1.0918436378980412,0.0,0.0,1.0,0.0,0.0,0.0,0.0,0.0,0.0,0.0,0.0,0.0,0.0,0.0,1.0,0.0,1.0,0.0,1.0,0.0,0.0
65,1,-0.014667500431464725,0.6698979761677074,0.6711521990923164,1.5499884492095979,-0.31022711017349186,-0.2484196090952464,0.7741148418268358,1,0.20989915601921558,0.07667559252373057,0.661438443337989,1.3201330553289579,0.0,0.0,0.0,1.0,0.0,0.0,0.0,0.0,0.0,0.0,0.0,1.0,0.0,0.0,0.0,0.0,1.0,0.0,1.0,0.0,0.0
70,1,0.09922132644814677,-0.7542482337817981,-0.9108494130538576,-0.6568503303457738,0.843293412161745,0.16405068525157826,-0.3625165165840912,1,0.20989915601921558,0.07667559252373057,-0.8890301657768671,-0.618062501728452,0.0,0.0,0.0,0.0,0.0,0.0,0.0,1.0,0.0,0.0,0.0,0.0,0.0,0.0,1.0,0.0,1.0,0.0,1.0,0.0,0.0
73,1,0.21311015332775826,-1.013183908318072,-0.9108494130538576,-0.6568503303457738,0.843293412161745,0.16405068525157826,-0.3625165165840912,1,0.20989915601921558,0.07667559252373057,-0.9743770616914466,-0.618062501728452,0.0,0.0,0.0,0.0,0.0,0.0,0.0,1.0,0.0,0.0,0.0,0.0,0.0,0.0,1.0,0.0,1.0,0.0,1.0,0.0,0.0
74,0,0.21311015332775826,-0.49531255924552403,-0.11984860698077066,-0.6568503303457738,-0.8869873713411103,-1.279595344962308,-0.3625165165840912,1,0.851257688300156,0.9062803640919521,-0.3271631010058872,-0.618062501728452,0.0,0.0,0.0,0.0,0.0,0.0,0.0,0.0,0.0,0.0,1.0,0.0,0.0,0.0,1.0,0.0,1.0,0.0,1.0,0.0,0.0
75,1,0.21311015332775826,-0.8837160710499345,-0.9108494130538576,-0.6568503303457738,0.843293412161745,0.16405068525157826,-0.3625165165840912,1,0.20989915601921558,0.07667559252373057,-0.9317036137341563,-0.618062501728452,0.0,0.0,0.0,0.0,0.0,0.0,0.0,1.0,0.0,0.0,0.0,0.0,0.0,0.0,1.0,0.0,1.0,0.0,1.0,0.0,0.0
76,1,0.21311015332775826,-0.7542482337817981,-0.9108494130538576,-0.6568503303457738,0.843293412161745,0.16405068525157826,-0.3625165165840912,1,0.20989915601921558,0.07667559252373057,-0.8890301657768671,-0.618062501728452,0.0,0.0,0.0,0.0,0.0,0.0,0.0,1.0,0.0,0.0,0.0,0.0,0.0,0.0,1.0,0.0,1.0,0.0,1.0,0.0,0.0
77,1,0.21311015332775826,0.9288336507039814,0.6711521990923164,1.5499884492095979,-0.31022711017349186,-0.2484196090952464,0.7741148418268358,1,0.20989915601921558,0.07667559252373057,0.775234304557428,1.3201330553289579,0.0,0.0,1.0,0.0,0.0,0.0,0.0,0.0,0.0,0.0,0.0,1.0,0.0,0.0,0.0,0.0,1.0,0.0,1.0,0.0,0.0
84,0,0.3269989802073698,-0.6247803965136616,-0.11984860698077066,-0.6568503303457738,-0.8869873713411103,-1.279595344962308,-0.3625165165840912,1,0.851257688300156,0.9062803640919521,-0.37694879028939193,-0.618062501728452,0.0,0.0,0.0,0.0,0.0,0.0,0.0,0.0,0.0,0.0,1.0,0.0,0.0,0.0,1.0,0.0,1.0,0.0,1.0,0.0,0.0
85,1,0.3269989802073698,-0.8837160710499345,-0.9108494130538576,-0.6568503303457738,0.843293412161745,0.16405068525157826,-0.3625165165840912,1,0.20989915601921558,0.07667559252373057,-0.9317036137341563,-0.618062501728452,0.0,0.0,0.0,0.0,0.0,0.0,0.0,1.0,0.0,0.0,0.0,0.0,0.0,0.0,1.0,0.0,1.0,0.0,1.0,0.0,0.0
86,0,0.3269989802073698,-0.7542482337817981,-0.11984860698077066,-0.6568503303457738,-0.8869873713411103,-1.279595344962308,-0.3625165165840912,1,0.851257688300156,0.9062803640919521,-0.42673447957289623,-0.618062501728452,0.0,0.0,0.0,0.0,0.0,0.0,0.0,0.0,0.0,0.0,1.0,0.0,0.0,0.0,1.0,0.0,1.0,0.0,1.0,0.0,0.0
87,1,0.3269989802073698,-1.013183908318072,-0.9108494130538576,-0.6568503303457738,0.843293412161745,0.16405068525157826,-0.3625165165840912,1,0.20989915601921558,0.07667559252373057,-0.9743770616914466,-0.618062501728452,0.0,0.0,0.0,0.0,0.0,0.0,0.0,1.0,0.0,0.0,0.0,0.0,0.0,0.0,1.0,0.0,1.0,0.0,1.0,0.0,0.0
88,1,0.3269989802073698,-0.3658447219773876,-0.11984860698077066,-0.6568503303457738,0.843293412161745,1.4014615682920522,-0.9308321957895547,1,0.20989915601921558,0.07667559252373057,-0.27737741172238245,-0.811882057434193,0.0,0.0,1.0,0.0,0.0,0.0,0.0,0.0,0.0,0.0,0.0,0.0,0.0,0.0,1.0,0.0,1.0,0.0,1.0,0.0,0.0
91,0,0.4408878070869813,-0.3658447219773876,-0.11984860698077066,-1.392463256864231,0.2665331509941266,-1.279595344962308,-0.3625165165840912,1,0.851257688300156,0.9062803640919521,-0.27737741172238245,-1.005701613139934,0.0,0.0,0.0,0.0,0.0,0.0,0.0,0.0,0.0,0.0,1.0,0.0,0.0,0.0,1.0,0.0,1.0,0.0,1.0,0.0,0.0
92,0,0.4408878070869813,-0.7542482337817981,-0.11984860698077066,-0.6568503303457738,-0.8869873713411103,-1.279595344962308,-0.3625165165840912,1,0.851257688300156,0.9062803640919521,-0.42673447957289623,-0.618062501728452,0.0,0.0,0.0,0.0,0.0,0.0,0.0,0.0,0.0,0.0,1.0,0.0,0.0,0.0,1.0,0.0,1.0,0.0,1.0,0.0,0.0
93,0,0.4408878070869813,-0.6247803965136616,-0.11984860698077066,-0.6568503303457738,-0.8869873713411103,-1.279595344962308,-0.3625165165840912,1,0.851257688300156,0.9062803640919521,-0.37694879028939193,-0.618062501728452,0.0,0.0,0.0,0.0,0.0,0.0,0.0,0.0,0.0,0.0,1.0,0.0,0.0,0.0,1.0,0.0,1.0,0.0,1.0,0.0,0.0
97,1,0.7825542877258157,0.2814944643632969,-0.11984860698077066,0.3239669050121692,-0.31022711017349186,2.432637304159114,-1.7833057145977498,1,1.7491596334934727,1.2381222727192407,-0.028448965304859648,-0.8011143043394297,0.0,1.0,0.0,0.0,0.0,0.0,0.0,0.0,0.0,0.0,0.0,0.0,0.0,1.0,0.0,0.0,1.0,0.0,1.0,0.0,0.0
103,0,1.0103319414850387,-1.2721195828543461,-0.9108494130538576,1.5499884492095979,1.4200536733293634,0.7827561267718153,1.9107462002377626,1,1.4926162205810967,1.7358851356601737,-1.059723957606026,2.095411278151922,0.0,0.0,0.0,0.0,0.0,1.0,0.0,0.0,0.0,0.0,0.0,0.0,0.0,0.0,1.0,0.0,1.0,0.0,1.0,0.0,0.0
112,0,1.2381095952442618,-0.7542482337817981,-0.11984860698077066,-0.6568503303457738,0.843293412161745,0.16405068525157826,-0.3625165165840912,1,0.20989915601921558,0.07667559252373057,-0.42673447957289623,-0.618062501728452,1.0,0.0,0.0,0.0,0.0,0.0,0.0,0.0,0.0,0.0,0.0,0.0,0.0,0.0,1.0,0.0,1.0,0.0,1.0,0.0,0.0
113,0,1.2381095952442618,-0.6247803965136616,-0.11984860698077066,-0.6568503303457738,0.843293412161745,0.16405068525157826,-0.3625165165840912,1,0.20989915601921558,0.07667559252373057,-0.37694879028939193,-0.618062501728452,1.0,0.0,0.0,0.0,0.0,0.0,0.0,0.0,0.0,0.0,0.0,0.0,0.0,0.0,1.0,0.0,1.0,0.0,1.0,0.0,0.0
115,0,1.3519984221238732,1.576172837044667,1.4621530051654033,-1.392463256864231,-1.4637476325087286,-1.279595344962308,-0.9308321957895547,1,-0.4314593762617249,-0.752929179044491,1.6500399876818654,-1.1349146502770946,0.0,0.0,1.0,0.0,0.0,0.0,0.0,0.0,0.0,0.0,0.0,1.0,0.0,0.0,0.0,0.0,1.0,0.0,1.0,0.0,0.0
